unit,hour,node,soc_start_mwh,soc_end_mwh,p_charge_mw,p_discharge_mw,net_injection_mw,lambda_eur_per_mwh,spot_revenue_eur,degradation_cost_eur,rho_charge_dual,sigma_discharge_dual,gamma_soc_transition_dual
I2,1,N1,5.054941176846986e-05,5.053649462109285e-05,1.3557198165763996e-07,1.308645207872126e-07,-4.7074608704273535e-09,67.15000056161499,-3.1610600009297736e-07,1.998273768336394e-06,-0.0844355861832346,-0.08502849236926416,-69.78357347640006
I2,2,N1,5.053649462109285e-05,5.0523560060922136e-05,1.3556360208890711e-07,1.3087347785546844e-07,-4.690124233438678e-09,67.15000046717489,-3.1494184446651547e-07,1.9982780995828165e-06,-0.08443551195576915,-0.0850285740275198,-69.78349970821488
I2,3,N1,5.0523560060922136e-05,5.051060767872266e-05,1.3555502693324916e-07,1.3088264661482234e-07,-4.672380318426822e-09,67.15000050956431,-3.1375034076323934e-07,1.998282551610536e-06,-0.0844354666446433,-0.08502859082093972,-69.78303832518279
I2,4,N1,5.051060767872266e-05,5.049763706408214e-05,1.355462556847807e-07,1.308920277239406e-07,-4.654227960840095e-09,67.1500003940576,-3.1253140940444625e-07,1.99828712556541e-06,-0.08443545163632597,-0.08502854131203288,-69.78218923820997
I2,5,N1,5.049763706408214e-05,5.048464790545011e-05,1.3553733947480214e-07,1.3090157344409805e-07,-4.635766030704085e-09,67.14999555097324,-3.112916683371322e-07,1.9982918468917515e-06,-0.0844354684134383,-0.0850284241084884,-69.78095236337037
I2,6,N1,5.048464790545011e-05,5.047163959020823e-05,1.3552812301870245e-07,1.309114295305933e-07,-4.61669348810916e-09,67.15000057089705,-3.100109703621868e-07,1.998296644119718e-06,-0.0844355166655389,-0.08502823836706876,-69.77932762427865
I2,7,N1,5.047163959020823e-05,5.045861180635587e-05,1.3551876158627422e-07,1.30921450636497e-07,-4.597310949777208e-09,67.15000062124503,-3.0870943313359607e-07,1.9983015916707844e-06,-0.08443559990511453,-0.08502798140174304,-69.77731495380144
I2,8,N1,5.045861180635587e-05,5.0445564144864764e-05,1.3550920521166774e-07,1.3093168380479519e-07,-4.577521406872553e-09,67.15000062972015,-3.073805653540494e-07,1.998306667623472e-06,-0.08443572123504993,-0.08502764928870718,-69.77491429890367
I2,9,N1,5.0445564144864764e-05,5.043249621551099e-05,1.3549946371340307e-07,1.309421200365973e-07,-4.557343676805774e-09,67.14999950707012,-3.0602562565105685e-07,1.9983118781250027e-06,-0.084435887492989,-0.0850272343360374,-69.77212562769813
I2,10,N1,5.043249621551099e-05,5.068357701303081e-05,3.5825778818237086e-07,7.885658871686598e-08,-2.794011994655049e-07,60.00000064105364,-1.6764072147041448e-05,3.2783578267442763e-06,-0.08782440788464146,-0.08488089820407108,-69.76894894305065
I2,11,N1,5.068357701303081e-05,5.093461851639452e-05,3.5821879194711666e-07,7.885920360127186e-08,-2.793595883458448e-07,60.0000005841519,-1.6761575463939123e-05,3.2780849666129138e-06,-0.08781974415435698,-0.08488045073645892,-69.76654473876368
I2,12,N1,5.093461851639452e-05,5.118564520940293e-05,3.5820410155693837e-07,7.886019590175125e-08,-2.793439056551871e-07,60.00000057005065,-1.6760634498551402e-05,3.277982230940172e-06,-0.08781657621922764,-0.08488012931825117,-69.76491082524018
I2,13,N1,5.118564520940293e-05,5.1436681570020976e-05,3.5821371076512077e-07,7.885956560799583e-08,-2.7935414515712495e-07,60.00000056000771,-1.6761248865867974e-05,3.2780495727983743e-06,-0.08781490117316645,-0.0848799259066572,-69.76404573135899
I2,14,N1,5.1436681570020976e-05,5.1687752082581943e-05,3.5824762626641154e-07,7.885731262442881e-08,-2.793903136419827e-07,60.000000547451364,-1.6763418971471573e-05,3.278287041681303e-06,-0.08781471681887607,-0.08487983700152514,-69.7639487099268
I2,15,N1,5.1687752082581943e-05,5.193888125135125e-05,3.5830586906017347e-07,7.885343669207648e-08,-2.7945243236809697e-07,60.00000054164734,-1.6767146093450485e-05,3.2786947931418747e-06,-0.0878160229519619,-0.08487986224982641,-69.76461973938699
I2,16,N1,5.193888125135125e-05,5.219009361429898e-05,3.58388474661585e-07,7.884793737804083e-08,-2.7954053728354414e-07,60.00000056470629,-1.6772432394870947e-05,3.2792730902971935e-06,-0.08781882136885619,-0.08488000443002569,-69.76605952408119
I2,17,N1,5.219009361429898e-05,5.2441413760057034e-05,3.5849549629422595e-07,7.884081389184395e-08,-2.7965468240238203e-07,60.0000006076073,-1.677928111406315e-05,3.280022326395524e-06,-0.08782311503097062,-0.08488027051233786,-69.76826949314383
I2,18,N1,5.2441413760057034e-05,5.2428444976995884e-05,1.355471419664093e-07,1.3089108983344088e-07,-4.656052132968412e-09,67.15000041014567,-3.1265390263848846e-07,1.9982867384988765e-06,-0.08443645613934327,-0.08502649647001265,-69.77125179623802
I2,19,N1,5.2428444976995884e-05,5.24155185517843e-05,1.3556752144269208e-07,1.30869297263896e-07,-4.698224178796081e-09,67.15000034999937,-3.1548575525053237e-07,1.9982761402994103e-06,-0.08443642530732857,-0.08502673701958968,-69.77384701724691
I2,20,N1,5.24155185517843e-05,5.266723256708076e-05,3.5888663428896574e-07,7.881482643654095e-08,-2.8007180785242477e-07,60.0000009284113,-1.680430873116732e-05,3.2827609554413004e-06,-0.08783834349314365,-0.08488115025926483,-69.77605530854969
I2,21,N1,5.266723256708076e-05,5.058801182642159e-05,6.423533407609021e-08,2.002426932499715e-06,1.938191598423625e-06,78.50065059165675,0.0001521493014475377,1.549996699931854e-05,-0.0839374251021965,-0.08399621873025072,-69.77903958318738
I2,22,N1,5.058801182642159e-05,5.057516146039496e-05,1.356041304582266e-07,1.3083017887884674e-07,-4.773951579379874e-09,67.15000063781221,-3.2057085160024316e-07,1.9982573200280497e-06,-0.08443616962203761,-0.08502757635983954,-69.78067526286563
I2,23,N1,5.057516146039496e-05,5.0562294910389906e-05,1.3559633772406954e-07,1.308384998994429e-07,-4.757837824626636e-09,67.15000060976756,-3.1948881282485375e-07,1.9982612821763433e-06,-0.08443597962395358,-0.0850278987417494,-69.78192393505044
I2,24,N1,5.0562294910389906e-05,5.054941176846986e-05,1.355883497391912e-07,1.3084703169026768e-07,-4.741318048923529e-09,67.15000059390474,-3.1837950980110623e-07,1.9982653607209416e-06,-0.0844358197546169,-0.08502815500627385,-69.78278546453762
I2,1,N2,4.613519115981228e-05,4.63776235313329e-05,3.4523570609283044e-07,7.554292142180231e-08,-2.6969278467102815e-07,67.15000063944225,-1.81098706631125e-05,3.1558397063597457e-06,-0.05960093291627848,-0.05901781605061941,-75.35072505179693
I2,2,N2,4.63776235313329e-05,4.6618695794022184e-05,3.4388519132421945e-07,7.56328027012177e-08,-2.6825238862300175e-07,67.15000055137725,-1.801314804394283e-05,3.1463849551907787e-06,-0.059594713189600544,-0.05901852516666612,-75.3268368894028
I2,3,N2,4.6618695794022184e-05,4.6858432576920143e-05,3.4255998668308646e-07,7.572180530061673e-08,-2.668381813824697e-07,67.1500006042669,-1.7918184041074325e-05,3.137113439877774e-06,-0.05958860801161279,-0.05901924997309746,-75.30322869888761
I2,4,N2,4.6858432576920143e-05,4.7096858864377165e-05,3.4126048128774596e-07,7.580993755449815e-08,-2.6545054373324783e-07,67.15000049617707,-1.7825004143398064e-05,3.128028141316831e-06,-0.05958263289182317,-0.059019972992016875,-75.27989473000524
I2,5,N2,4.7096858864377165e-05,4.733399867538944e-05,3.39985631263424e-07,7.589718849986882e-08,-2.640884427635552e-07,67.14999564474508,-1.773353778140024e-05,3.1191211482246962e-06,-0.059576793888378596,-0.05902068000224282,-75.25682940773508
I2,6,N2,4.733399867538944e-05,4.7569874645565086e-05,3.387340305132011e-07,7.59836211120897e-08,-2.627504094011114e-07,67.15000065004189,-1.76436901620834e-05,3.110382387189681e-06,-0.05957109776290838,-0.05902135527429428,-75.23402735086114
I2,7,N2,4.7569874645565086e-05,4.7804509834625674e-05,3.375060775300549e-07,7.606918753906244e-08,-2.614368899909925e-07,67.15000069396443,-1.7555487344323046e-05,3.1018144880183803e-06,-0.0595655648773549,-0.05902197561621817,-75.21148339285492
I2,8,N2,4.7804509834625674e-05,4.803792612031109e-05,3.3630053756347014e-07,7.615391235565241e-08,-2.6014662520781773e-07,67.15000070709944,-1.7468846066654493e-05,3.0934083743934193e-06,-0.059560222118166355,-0.0590225032232005,-75.18919261977679
I2,9,N2,4.803792612031109e-05,4.827014494666389e-05,3.351169515289292e-07,7.623779930047298e-08,-2.588791522284562e-07,67.14999957989862,-1.7383734963385344e-05,3.0851606312205163e-06,-0.05955512381237814,-0.059022873280715676,-75.16715043149328
I2,10,N2,4.827014494666389e-05,5.808341702246327e-05,1.0545348765331717e-05,5.3515208963832133e-08,-1.0491833556367884e-05,60.000000690253216,-0.0006295100206240949,7.949147980721662e-05,-3.057646953683522,-0.05897639521526718,-75.14535265302563
I2,11,N2,5.808341702246327e-05,6.788578403059575e-05,1.053372532727581e-05,5.3539104713015646e-08,-1.0480186222562794e-05,60.000002892924115,-0.0006288112036721511,7.940448323991618e-05,-3.0266641346601992,-0.05897637659520968,-75.13322509478424
I2,12,N2,6.788578403059575e-05,7.757897019727488e-05,1.0417112332057468e-05,5.356819365456911e-08,-1.0363544138402899e-05,60.0089696456607,-0.0006219056056228844,7.853010394284028e-05,-3.0519448782803087,-0.0589763723687931,-75.12929607641934
I2,13,N2,7.757897019727488e-05,8.738283185335651e-05,1.053532377324856e-05,5.3540506355555736e-08,-1.0481783266893004e-05,60.000152290330675,-0.00062890859228782,7.941648209703086e-05,-3.034955722339169,-0.05897624268124422,-75.13304421128308
I2,14,N2,8.738283185335651e-05,8.990541061066744e-05,2.7610012563637374e-06,5.776843985221952e-08,-2.703232816511518e-06,61.69843634305182,-0.00016678523784998455,2.1140772721619676e-05,-1.8296701159353244,-0.05898498601974336,-75.14497201000196
I2,15,N2,8.990541061066744e-05,9.972550671302771e-05,1.055260641505472e-05,5.3486317994579216e-08,-1.049912009706014e-05,60.00007065582567,-0.0006299479476476077,7.954569549786976e-05,-3.0596897226215565,-0.05897584223774532,-75.15941841241424
I2,16,N2,9.972550671302771e-05,0.00010955715525527272,1.0564890160167527e-05,5.343497422080672e-08,-1.051145518594672e-05,60.000029072352106,-0.0006306876167495295,7.963743850791251e-05,-3.0731513991326618,-0.05897547325594042,-75.18415748685061
I2,17,N2,0.00010955715525527272,0.00011941698504203536,1.0594906180187463e-05,5.3354244427666665e-08,-1.0541551935759796e-05,60.00000065314952,-0.0006324931230307974,7.986195318461347e-05,-3.0910197634592937,-0.05897484698634217,-75.22306453607555
I2,18,N2,0.00011941698504203536,0.00011965565730227991,3.4150401898231687e-07,7.579306942543672e-08,-2.6571094955688013e-07,67.15000052735475,-1.7842490402868433e-05,3.129728163058152e-06,-0.05958403870120715,-0.059019664950751734,-75.28485537925233
I2,19,N2,0.00011965565730227991,0.00011989787357521017,3.450209616629556e-07,7.555705296634635e-08,-2.6946390869660923e-07,67.15000097313956,-1.80945017312033e-05,3.1543351097197643e-06,-0.059599922586301673,-0.059018080701078536,-75.34737885803219
I2,20,N2,0.00011989787357521017,0.0001197840618752694,9.518136955109774e-08,1.8991576828279905e-07,9.47343987317013e-08,78.698898818324,7.455492860400923e-06,2.138228533754226e-06,-0.058873664023594355,-0.05922984471264084,-75.41067316483367
I2,21,N2,0.0001197840618752694,4.539525389182252e-05,5.423597443905875e-08,6.967544019276844e-05,6.962120421832938e-05,89.15813103598545,0.006207296448580914,0.0005229725712540562,-0.05877469669332557,-1.1250118947438812,-75.47318605066255
I2,22,N2,4.539525389182252e-05,4.5643340629113854e-05,3.5085984033230226e-07,7.517771657107917e-08,-2.7568212376122307e-07,67.15000075174743,-1.8512054817809456e-05,3.195281676775361e-06,-0.059626280838675924,-0.05901574676853011,-75.44815972769865
I2,23,N2,4.5643340629113854e-05,4.588997718463738e-05,3.4941595156086e-07,7.527010152864566e-08,-2.7414585003221434e-07,67.15000070034486,-1.840889402165983e-05,3.1851453981712924e-06,-0.059619980342819706,-0.05901600016846902,-75.42344027313605
I2,24,N2,4.588997718463738e-05,4.613519115981228e-05,3.480005133831905e-07,7.536157700924663e-08,-2.7263893637394386e-07,67.15000067924299,-1.830770476269842e-05,3.1752156779432785e-06,-0.05961360668542871,-0.059016503786850937,-75.39902204025641
I2,1,N3,5.118959234687773e-05,5.1124061316696926e-05,1.1502504356121278e-07,1.6211002481304564e-07,4.708498125183286e-08,67.15000062370936,3.16175652042792e-06,2.0785130128069385e-06,-0.08444880140851677,-0.08465314754147085,-65.28348000727013
I2,2,N3,5.1124061316696926e-05,5.1058528794753954e-05,1.1502458412642926e-07,1.6211101859344383e-07,4.708643446701457e-08,67.15000053981075,3.1618540998777915e-06,2.0785170203990482e-06,-0.08444879680704082,-0.0846531560057677,-65.28339975747394
I2,3,N3,5.1058528794753954e-05,5.099299240060682e-05,1.1502339146492626e-07,1.6211359809057965e-07,4.7090206625653395e-08,67.15000059200004,3.16210740279003e-06,2.0785274216662943e-06,-0.08444877564141096,-0.08465318875773012,-65.28318700043015
I2,4,N3,5.099299240060682e-05,5.0927449759840816e-05,1.1502146769876758e-07,1.6211775952199355e-07,4.709629182322597e-08,67.15000048653809,3.162516018843764e-06,2.0785442041557087e-06,-0.08444873900562944,-0.08465324454594439,-65.28284171172113
I2,5,N3,5.0927449759840816e-05,5.086189857345776e-05,1.1501883843582095e-07,1.6212345473281048e-07,4.710461629698953e-08,67.14999563475698,3.1630747787197493e-06,2.0785671987647358e-06,-0.08444868783244208,-0.08465332216806436,-65.28236384719848
I2,6,N3,5.086189857345776e-05,5.0796336300626405e-05,1.1501542219478183e-07,1.621308386933048e-07,4.7115416498522984e-08,67.15000063169833,3.1638002476385483e-06,2.0785969566606496e-06,-0.08444862206734471,-0.08465342214119154,-65.28175334467817
I2,7,N3,5.0796336300626405e-05,5.073076064717097e-05,1.1501130251972866e-07,1.6213975372661003e-07,4.712845120688137e-08,67.15000065726973,3.1646755295181885e-06,2.0786329218475405e-06,-0.08444854349032221,-0.08465354198722222,-65.28101012458019
I2,8,N3,5.073076064717097e-05,5.066516923199501e-05,1.1500645035267033e-07,1.6215025573286667e-07,4.7143805380196346e-08,67.15000065616142,3.165706562214131e-06,2.078675295641528e-06,-0.08444845369191416,-0.08465368004742563,-65.28013409287584
I2,9,N3,5.066516923199501e-05,5.059955969271444e-05,1.1500087236077403e-07,1.6216233303840433e-07,4.71614606776303e-08,67.14999952953904,3.1668920623152486e-06,2.0787240404938376e-06,-0.08444835629475815,-0.08465383216367443,-65.27912514457273
I2,10,N3,5.059955969271444e-05,5.073737802323308e-05,2.503431625283966e-07,9.032668595302847e-08,-1.6001647657536815e-07,60.00000064675099,-9.600988698012903e-06,2.555023863610688e-06,-0.085095969702995,-0.08433883527540276,-65.27798317088897
I2,11,N3,5.073737802323308e-05,5.087517331637947e-05,2.503225432457193e-07,9.033018446238787e-08,-1.599923587833314e-07,59.99999810976566,-9.599541224576834e-06,2.554895457810804e-06,-0.08509575019254052,-0.08433891112273847,-65.27711794453771
I2,12,N3,5.087517331637947e-05,5.1013365462150066e-05,2.50685448608136e-07,9.027667034251765e-08,-1.6040877826561837e-07,59.99044806392337,-9.622994481540978e-06,2.5572158921299026e-06,-0.08509743925907313,-0.0843387235098234,-65.27652930523598
I2,13,N3,5.1013365462150066e-05,5.115114372257243e-05,2.503074235587812e-07,9.03328807948164e-08,-1.5997454276396483e-07,59.999838875026285,-9.598446789943893e-06,2.554802282651982e-06,-0.08509554104199268,-0.08433899757592395,-65.27621798333759
I2,14,N3,5.115114372257243e-05,5.139103793060952e-05,3.4847000748594674e-07,8.075220095568731e-08,-2.6771780653025946e-07,58.19109728822917,-1.5578792925593643e-05,3.2191665633122553e-06,-0.08558457767200449,-0.08429659964384724,-65.27618307780115
I2,15,N3,5.139103793060952e-05,5.1528823897400376e-05,2.5031425254630887e-07,9.033165048257209e-08,-1.599826020637368e-07,59.99992578998629,-9.598944251513116e-06,2.554844272716607e-06,-0.0850956340267887,-0.08433895904329601,-65.27663714890497
I2,16,N3,5.1528823897400376e-05,5.166662762249014e-05,2.5033011296126405e-07,9.032892396089622e-08,-1.6000118900036783e-07,59.99997017004563,-9.600066567193902e-06,2.5549427769162017e-06,-0.085095820932046,-0.08433888557615266,-65.2773677239581
I2,17,N3,5.166662762249014e-05,5.1804457165745914e-05,2.503531996534749e-07,9.032498431620725e-08,-1.6002821533726763e-07,60.00000060431523,-9.601693016943546e-06,2.555086379772616e-06,-0.0850960726665953,-0.08433879604358967,-65.27837495034753
I2,18,N3,5.1804457165745914e-05,5.173885780878072e-05,1.1500400610346843e-07,1.6215554785064142e-07,4.715154174717299e-08,67.15000046833195,3.16622605040524e-06,2.078696654655824e-06,-0.08444841101526744,-0.08465374835784545,-65.27965901538226
I2,19,N3,5.173885780878072e-05,5.167327926298302e-05,1.1501041229391638e-07,1.6214168103569127e-07,4.7131268741774896e-08,67.1500006794944,3.1648647280356172e-06,2.0786406999720574e-06,-0.08444851930814062,-0.08465357809724977,-65.28081009095492
I2,20,N3,5.167327926298302e-05,5.145175263367283e-05,8.620654515560835e-08,2.8287413441898935e-07,1.96667589263381e-07,71.26750594471156,1.4016008586960096e-05,2.7681050968094828e-06,-0.08431453573223993,-0.08517422720728184,-65.28182829517041
I2,21,N3,5.145175263367283e-05,5.138620290482796e-05,1.1501928467321628e-07,1.6212248142386063e-07,4.710319675064435e-08,67.15000113060367,3.162979715060815e-06,2.0785632457280768e-06,-0.08444868531262804,-0.08465332357818395,-65.28241337325724
I2,22,N3,5.138620290482796e-05,5.132066120498468e-05,1.1502175757949637e-07,1.6211713278167654e-07,4.709537520218017e-08,67.15000067913788,3.1624544768106514e-06,2.078541677708797e-06,-0.08444873741980223,-0.08465324568969451,-65.28286580353053
I2,23,N3,5.132066120498468e-05,5.125512514480456e-05,1.1502349444396234e-07,1.6211337571697234e-07,4.7089881273009994e-08,67.15000066243644,3.1620855586766744e-06,2.0785265262070097e-06,-0.08444877207768046,-0.0846531930819257,-65.28318565222511
I2,24,N3,5.125512514480456e-05,5.118959234687773e-05,1.1502449917049639e-07,1.621112024847834e-07,4.708670331428702e-08,67.15000065345502,3.1618721583234164e-06,2.0785177624145984e-06,-0.0844487892573279,-0.08465316583534992,-65.28337296213196
I2,1,N4,5.05477498514737e-05,5.053483303793436e-05,1.3557210517767535e-07,1.3086431653056607e-07,-4.707788647109286e-09,67.1500006185528,-3.161280105654044e-07,1.9982731628118106e-06,-0.08443578366554763,-0.08503584595191375,-69.80207009162622
I2,2,N4,5.053483303793436e-05,5.052189881039876e-05,1.355637250016569e-07,1.308732741923666e-07,-4.690450809290286e-09,67.15000053157596,-3.149637743371736e-07,1.998277493955176e-06,-0.0844357087127,-0.08503592867850118,-69.80199946991883
I2,3,N4,5.052189881039876e-05,5.050894675951657e-05,1.3555514918412141e-07,1.3088244360534211e-07,-4.6727055787793005e-09,67.15000058355193,-3.137721823417964e-07,1.9982819459209764e-06,-0.08443566446700405,-0.08503594392104404,-69.80153730087932
I2,4,N4,5.050894675951657e-05,5.0495976474847416e-05,1.355463772646873e-07,1.3089182538640683e-07,-4.654551878280466e-09,67.1500004761114,-3.125531608426185e-07,1.998286519883206e-06,-0.08443565224521028,-0.08503589020153517,-69.80068349536928
I2,5,N4,5.0495976474847416e-05,5.048298764516214e-05,1.355374605546284e-07,1.309013716274875e-07,-4.636088927140894e-09,67.14999562496087,-3.1131335117444054e-07,1.998291241365869e-06,-0.0844356735599683,-0.08503576621183409,-69.79943797008623
I2,6,N4,5.048298764516214e-05,5.0469979657992844e-05,1.3552824368094218e-07,1.3091122816636228e-07,-4.617015514579896e-09,67.15000062783487,-3.1003259470276335e-07,1.9982960388547835e-06,-0.08443572809238192,-0.08503557107211757,-69.79780064990575
I2,7,N4,5.0469979657992844e-05,5.0456952201253257e-05,1.355188817918826e-07,1.309212497705927e-07,-4.597632021289896e-09,67.15000066201718,-3.087309932733279e-07,1.9983009867185647e-06,-0.08443581937106352,-0.0850353020899132,-69.79577146960249
I2,8,N4,5.0456952201253257e-05,5.044390486568852e-05,1.3550932484876114e-07,1.3093148355129272e-07,-4.577841297468424e-09,67.15000066117638,-3.074020461517652e-07,1.998306063000404e-06,-0.08443595043822152,-0.08503495540289703,-69.79335037869205
I2,9,N4,5.044390486568852e-05,5.0430837260934814e-05,1.3549958271483872e-07,1.3094192046761402e-07,-4.557662247224696e-09,67.14999953245703,-3.060470177702354e-07,1.9983112738683957e-06,-0.08443612810681084,-0.0850345233558793,-69.79053734839111
I2,10,N4,5.0430837260934814e-05,5.068191642777124e-05,3.5825595330408516e-07,7.885650750700569e-08,-2.7939944579707947e-07,60.000000655701236,-1.676396693102733e-05,3.2783434560831813e-06,-0.08786253794781371,-0.08488865814377428,-69.78733238511934
I2,11,N4,5.068191642777124e-05,5.093295630663413e-05,3.5821696386092967e-07,7.885912255504081e-08,-2.793578413058889e-07,60.00000058877883,-1.6761470642833317e-05,3.2780706481197783e-06,-0.08785775553392057,-0.0848881952464351,-69.78490616967164
I2,12,N4,5.093295630663413e-05,5.118398137965735e-05,3.5820227839588723e-07,7.886011494378986e-08,-2.7934216345209735e-07,60.00000057307816,-1.6760529967210733e-05,3.2779679500475785e-06,-0.08785450572300937,-0.08488786296699286,-69.7832564599995
I2,13,N4,5.118398137965735e-05,5.1435016123708615e-05,3.5821189123482756e-07,7.885948463128643e-08,-2.793524066035411e-07,60.000000562602395,-1.67611445533768e-05,3.278035318995855e-06,-0.08785278515242219,-0.08488765330595384,-69.7823817490306
I2,14,N4,5.1435016123708615e-05,5.168608502201453e-05,3.582458090640098e-07,7.885723152340844e-08,-2.793885775406014e-07,60.000000549826645,-1.676331480605137e-05,3.278272804405637e-06,-0.08785259141925099,-0.08488756273841065,-69.78228126969421
I2,15,N4,5.168608502201453e-05,5.193721257780336e-05,3.5830405295270005e-07,7.885335535729565e-08,-2.794506975954044e-07,60.00000054414066,-1.6767042007784753e-05,3.2786805623249676e-06,-0.08785392424753159,-0.08488759094130365,-69.78295499645314
I2,16,N4,5.193721257780336e-05,5.218842332810587e-05,3.583866585133965e-07,7.884785569380909e-08,-2.795388028195874e-07,60.000000568210204,-1.6772328328012044e-05,3.2792588565540416e-06,-0.0878567856400804,-0.08488774064284307,-69.78440364550973
I2,17,N4,5.218842332810587e-05,5.243974185966701e-05,3.584936780189375e-07,7.884073179644721e-08,-2.796529462224903e-07,60.000000619970585,-1.677917694672602e-05,3.2800080736153854e-06,-0.08786117893701828,-0.0848880187706205,-69.78662867388923
I2,18,N4,5.243974185966701e-05,5.242677340664401e-05,1.355472637092165e-07,1.3089088757611975e-07,-4.656376133096748e-09,67.1500004466499,-3.1267565941721655e-07,1.9982861346400218e-06,-0.0844367062077619,-0.08503377123649344,-69.78963227554065
I2,19,N4,5.242677340664401e-05,5.24138473141101e-05,1.35567644486072e-07,1.3086909367540594e-07,-4.698550810666054e-09,67.15000039077154,-3.155076887722855e-07,1.998275536211084e-06,-0.08443666607561112,-0.08503402569849948,-69.79224489802053
I2,20,N4,5.24138473141101e-05,5.266555971134338e-05,3.5888481010625803e-07,7.881474278450083e-08,-2.800700673217572e-07,60.000000968415215,-1.6804204310529544e-05,3.2827466466806917e-06,-0.08787675954548403,-0.08488894083399708,-69.79446669128572
I2,21,N4,5.266555971134338e-05,5.058634889957288e-05,6.423537173744424e-08,2.002417672054872e-06,1.938182300317428e-06,78.50065064088263,0.00015214857163556064,1.549989782844237e-05,-0.08393601632850213,-0.08398859172037823,-69.79747076793404
I2,22,N4,5.058634889957288e-05,5.057349887108542e-05,1.3560425587611344e-07,1.308299728203054e-07,-4.774283055808044e-09,67.15000069062926,-3.205931104947697e-07,1.9982567152231413e-06,-0.08443638388144604,-0.08503490471919299,-69.79912692242645
I2,23,N4,5.057349887108542e-05,5.056063265770537e-05,1.3559646266650609e-07,1.308382942800024e-07,-4.758168386503697e-09,67.15000066670538,-3.1951101032601974e-07,1.9982606770988136e-06,-0.0844361873082236,-0.08503523695508153,-69.80039214670764
I2,24,N4,5.056063265770537e-05,5.05477498514737e-05,1.355884741996013e-07,1.308468265252128e-07,-4.741647674388515e-09,67.15000065313967,-3.1840164443214697e-07,1.9982647554361057e-06,-0.084436022710674,-0.08503550036034392,-69.80126630270529
I2,1,N5,4.0489195606210216e-05,4.063372258371947e-05,2.5103990123596794e-07,8.465780236456178e-08,-1.6638209887140616e-07,67.15000064069714,-1.1172558045815459e-05,2.517732777003973e-06,-0.08041543703515018,-0.08314222537061239,-73.17076517573291
I2,2,N5,4.063372258371947e-05,4.077759290234651e-05,2.5044183062843506e-07,8.474846781134475e-08,-1.656933628170903e-07,67.1500005520498,-1.1126309404638601e-05,2.513927238298349e-06,-0.0803238763587355,-0.08325291519473495,-73.16410759793575
I2,3,N5,4.077759290234651e-05,4.0920815623677424e-05,2.4985256537477604e-07,8.483836594884506e-08,-1.65014199425931e-07,67.15000060426759,-1.1080703591164e-05,2.510181984927158e-06,-0.08026525857781884,-0.08332373734501748,-73.15602855917786
I2,4,N5,4.0920815623677424e-05,4.1063400365997973e-05,2.49272594541917e-07,8.492740417576127e-08,-1.6434519036615575e-07,67.15000049607222,-1.1035779614614443e-05,2.506499990382587e-06,-0.08022390437500095,-0.08337353685974733,-73.14641442841001
I2,5,N5,4.1063400365997973e-05,4.1205357147365904e-05,2.4870226478279535e-07,8.501551200676323e-08,-1.6368675277603213e-07,67.1499956452067,-1.0991564736088583e-05,2.5028833259216893e-06,-0.08019145261874583,-0.08341237424719149,-73.13518153952894
I2,6,N5,4.1205357147365904e-05,4.1346695479833656e-05,2.481410863650232e-07,8.51027340102315e-08,-1.630383523547917e-07,67.15000065168259,-1.0948025466873518e-05,2.4993286528144104e-06,-0.08016372646864584,-0.08344527934837358,-73.12226003788174
I2,7,N5,4.1346695479833656e-05,4.1487425321239204e-05,2.4758945266220393e-07,8.518899756395377e-08,-1.6240045509825017e-07,67.15000069841547,-1.0905190673270489e-05,2.4958383766961825e-06,-0.08013924623345485,-0.08347404158773747,-73.10758566003679
I2,8,N5,4.1487425321239204e-05,4.1627556270795756e-05,2.470470144784177e-07,8.527433241154672e-08,-1.61772682066871e-07,67.15000071598986,-1.0863035716617986e-05,2.492410101674733e-06,-0.08011881832847048,-0.08349768318371074,-73.0910967700813
I2,9,N5,4.1627556270795756e-05,4.176709764809497e-05,2.465134988502204e-07,8.535876113661928e-08,-1.6115473771360113e-07,67.14999958751503,-1.0821540570994409e-05,2.489041949901298e-06,-0.0801061627245397,-0.08351168685800679,-73.07273627333458
I2,10,N5,4.176709764809497e-05,4.614231237110368e-05,4.740942945538096e-06,5.8320170077990185e-08,-4.682622775460106e-06,60.00000069487151,-0.0002809573697814275,3.599447336712065e-05,-1.3026478713054501,-0.08346128059071518,-73.05246051028124
I2,11,N5,4.614231237110368e-05,5.061613390432448e-05,4.846321941360994e-06,5.8346312443934506e-08,-4.7879756289170595e-06,60.0000013986203,-0.0002872785444315835,3.678501190353696e-05,-1.274467678747869,-0.08346753608563913,-73.03816534001216
I2,12,N5,5.061613390432448e-05,5.5197872261966486e-05,4.961638804685525e-06,5.83648074768499e-08,-4.903273997208675e-06,60.003099655219174,-0.00029421163829135695,3.765002709121781e-05,-1.2484262920785594,-0.08349396492882427,-73.02968731542695
I2,13,N5,5.5197872261966486e-05,5.999337099276087e-05,5.189999058388122e-06,5.835060303405957e-08,-5.1316484553540626e-06,60.00005300010963,-0.00030789917929917445,3.9362622460666365e-05,-1.2240845378053093,-0.08355706620473853,-73.02698465956269
I2,14,N5,5.999337099276087e-05,6.251031228487184e-05,2.757478954534165e-06,5.99592327356997e-08,-2.6975197217984656e-06,60.58685845664188,-0.0001634342455686036,2.1130786404523985e-05,-0.907528315360214,-0.08362228629127226,-73.03030436686785
I2,15,N5,6.251031228487184e-05,6.794209204407708e-05,5.869723872061962e-06,5.829575080189979e-08,-5.811428121260063e-06,60.00002478050569,-0.0003486858312857314,4.446014717147896e-05,-1.1690914825908132,-0.08387389518997149,-73.03671080724406
I2,16,N5,6.794209204407708e-05,7.400018923056928e-05,6.5388063804685505e-06,5.824314814626711e-08,-6.480563232322283e-06,60.000010428982996,-0.00038883386152502075,4.9477871464611134e-05,-1.133209207868414,-0.08419677024144998,-73.0503049302038
I2,17,N5,7.400018923056928e-05,8.608864531519327e-05,1.2981407075599955e-05,5.8163918096767966e-08,-1.2923243157503187e-05,60.0000006547588,-0.0007753945979117984,9.779678245272542e-05,-1.0683889515808982,-0.08443344258831975,-73.07282228270387
I2,18,N5,8.608864531519327e-05,8.623213528690524e-05,2.500935389438933e-07,8.479933557217716e-08,-1.6529420337171614e-07,67.15000054942975,-1.1099505847228291e-05,2.5116965588705284e-06,-0.08085987205669533,-0.08259671383123575,-73.11637231752358
I2,19,N5,8.623213528690524e-05,8.637807559185249e-05,2.523275046478296e-07,8.446299208132434e-08,-1.6786451256650525e-07,67.15000117020281,-1.1272102215276353e-05,2.525928725468654e-06,-0.08267736360925666,-0.08041096850230697,-73.15911910117283
I2,20,N5,8.637807559185249e-05,4.0544696647847214e-05,5.88683314475853e-08,4.295161700129684e-05,4.2892748669849255e-05,85.62282365906667,0.003672598255611169,0.0003225786399955832,-0.08803879402119667,-0.10054837499008372,-73.20593994263054
I2,21,N5,4.0544696647847214e-05,4.0049632975668654e-05,6.979580727855686e-08,5.245274247326455e-07,4.5473161745408863e-07,82.18311361155102,3.7371260179993725e-05,4.457424240084017e-06,-0.08241505949056364,-0.08137075193253324,-73.19665259577147
I2,22,N5,4.0049632975668654e-05,4.019681724785346e-05,2.534655989207567e-07,8.429571858709371e-08,-1.69169880333663e-07,67.15000075692436,-1.1359757592454273e-05,2.533209881308878e-06,-0.08190726855518332,-0.08134623993371908,-73.190413818398
I2,23,N5,4.019681724785346e-05,4.0343339692446016e-05,2.5286067645933175e-07,8.438521906468458e-08,-1.6847545739464718e-07,67.1500007031192,-1.1313127082508887e-05,2.5293442164301224e-06,-0.08117335386673188,-0.08222873449801545,-73.18574182674173
I2,24,N5,4.0343339692446016e-05,4.0489195606210216e-05,2.522519531166716e-07,8.447579183441217e-08,-1.6777616128225942e-07,67.15000068084792,-1.1266169344333771e-05,2.525458087133128e-06,-0.08077642339167794,-0.08270663865173845,-73.18124496414451
I2,1,N6,5.109741018613659e-05,5.104247083633813e-05,1.1844725568867312e-07,1.5519439833119072e-07,3.67471426425176e-08,67.15000062397753,2.467570651374448e-06,2.052312405148979e-06,-0.08446674562147376,-0.084628227251224,-65.56172518996313
I2,2,N6,5.104247083633813e-05,5.098752723998639e-05,1.1844581757740492e-07,1.551971131815184e-07,3.6751295604113474e-08,67.15000053823368,2.467849519597005e-06,2.0523219806919246e-06,-0.08446672437890071,-0.08462825944434767,-65.56148810122444
I2,3,N6,5.098752723998639e-05,5.093257748408324e-05,1.1844373175718631e-07,1.5520105114289712e-07,3.675731938571081e-08,67.15000059053462,2.46825401845695e-06,2.0523358717506254e-06,-0.08446668821614654,-0.08462831242087945,-65.56114048658573
I2,4,N6,5.093257748408324e-05,5.087761965558457e-05,1.1844099833067033e-07,1.5520621234826172e-07,3.6765214017591386e-08,67.15000048392423,2.4687841390728395e-06,2.0523540800919906e-06,-0.08446663847543907,-0.0846283846417217,-65.5606823063529
I2,5,N6,5.087761965558457e-05,5.082265194731707e-05,1.1843765661122092e-07,1.552125321448397e-07,3.677487553361877e-08,67.14999563228523,2.4694327314603335e-06,2.0523764156704547e-06,-0.08446657622709196,-0.08462847479075321,-65.56011350411481
I2,6,N6,5.082265194731707e-05,5.0767672228860295e-05,1.184335872350351e-07,1.5522020851780688e-07,3.6786621282771784e-08,67.15000063267716,2.4702216424121807e-06,2.0524034681463147e-06,-0.08446650153579689,-0.08462858312595627,-65.55943400874128
I2,7,N6,5.0767672228860295e-05,5.0712678693120006e-05,1.1842891001795461e-07,1.5522904380400396e-07,3.6800133786049346e-08,67.15000066334862,2.4711290081445315e-06,2.052434653664689e-06,-0.08446641618103999,-0.0846287072902726,-65.55864373522289
I2,8,N6,5.0712678693120006e-05,5.06576694271373e-05,1.1842358607192763e-07,1.5523910302308856e-07,3.681551695116094e-08,67.15000066095516,2.472161987603863e-06,2.0524701682126214e-06,-0.08446632182482931,-0.08462884550514428,-65.55774258769127
I2,9,N6,5.06576694271373e-05,5.0602642538825634e-05,1.1841762341839888e-07,1.552503736660826e-07,3.683275024768371e-08,67.14999952964602,2.4733191618075308e-06,2.052509978133611e-06,-0.08446622213879966,-0.08462899355876194,-65.55673046303872
I2,10,N6,5.0602642538825634e-05,5.0757306084602734e-05,2.6561524185322864e-07,8.793937207928112e-08,-1.7767586977394751e-07,60.00000064728442,-1.0660552301443674e-05,2.6516596044938236e-06,-0.08514869739520671,-0.08432599528706361,-65.55560725822654
I2,11,N6,5.0757306084602734e-05,5.091194559140958e-05,2.655931894012469e-07,8.794255249046315e-08,-1.7765063691078373e-07,59.99999969826555,-1.0659038161043706e-05,2.6515180641878256e-06,-0.08514847795126057,-0.08432606536348501,-65.55479227058187
I2,12,N6,5.091194559140958e-05,5.106672888632222e-05,2.6572770620500577e-07,8.79258164571505e-08,-1.7780188974785528e-07,59.99664620000472,-1.066751707289432e-05,2.652401419966172e-06,-0.08514903315665831,-0.08432602878725694,-65.55428533282415
I2,13,N6,5.106672888632222e-05,5.1221350333706004e-05,2.6557666561270245e-07,8.794497968539534e-08,-1.7763168592730711e-07,59.9999437217527,-1.0657891158838478e-05,2.6514123397357334e-06,-0.08514829390534866,-0.08432613041963677,-65.55408665377956
I2,14,N6,5.1221350333706004e-05,5.1408865189297606e-05,2.9681426329265775e-07,8.452388397990903e-08,-2.122903793127487e-07,59.36481307414767,-1.2602578685341232e-05,2.860036104544251e-06,-0.0852953324655074,-0.08431070135243536,-65.55419587626082
I2,15,N6,5.1408865189297606e-05,5.156350302879582e-05,2.65591679576149e-07,8.794279033961458e-08,-1.7764888923653443e-07,59.99997423709495,-1.06589287774406e-05,2.6515085243682268e-06,-0.08514845358559281,-0.08432607250156014,-65.55467919349105
I2,16,N6,5.156350302879582e-05,5.17181637449729e-05,2.656126543400893e-07,8.793975367498414e-08,-1.7767290066510516e-07,59.99998986642961,-1.0660372239445464e-05,2.6516430601130506e-06,-0.08514867155669789,-0.0843259957125191,-65.55547055045952
I2,17,N6,5.17181637449729e-05,5.1872856725740366e-05,2.656422463375048e-07,8.793547944895636e-08,-1.7770676688854846e-07,60.00000060843716,-1.0662406121436308e-05,2.6518329433984586e-06,-0.08514896907966656,-0.08432589718131936,-65.55657012367493
I2,18,N6,5.1872856725740366e-05,5.18178522652095e-05,1.184252128947912e-07,1.5523603037316505e-07,3.681081747837386e-08,67.15000045281207,2.4718464103411868e-06,2.052459324509672e-06,-0.08446635673196062,-0.08462879795723491,-65.55797814583268
I2,19,N6,5.18178522652095e-05,5.176287057123097e-05,1.184329190636232e-07,1.5522147222387025e-07,3.678855316024706e-08,67.15000049519544,2.470351362928114e-06,2.052407934656201e-06,-0.0844664831569536,-0.0846286098220009,-65.55927519326247
I2,20,N6,5.176287057123097e-05,5.178703492593906e-05,1.5869107570647258e-07,1.1641078065536804e-07,-4.228029505110453e-08,63.95652944044482,-2.7041009351866604e-06,2.0632639227138044e-06,-0.08465164969422537,-0.08445373686592834,-65.56046139531203
I2,21,N6,5.178703492593906e-05,5.1262214896569586e-05,7.28513613003395e-08,5.550563337196065e-07,4.82204972419267e-07,74.51492639221246,3.593146802578052e-05,4.709307712649595e-06,-0.08425856840721148,-0.08643833117106235,-65.56169450813064
I2,22,N6,5.1262214896569586e-05,5.120727913592361e-05,1.1844847122905038e-07,1.5519210381451666e-07,3.674363258546628e-08,67.15000069097789,2.4673349535030983e-06,2.052304312826753e-06,-0.08446674599284351,-0.08462822121711096,-65.56189958257671
I2,23,N6,5.120727913592361e-05,5.115234487004964e-05,1.1844897746429676e-07,1.551911482185929e-07,3.674217075429615e-08,67.15000066894584,2.4672367907295085e-06,2.0523009426216723e-06,-0.08446676803834843,-0.08462819276644415,-65.56199413326712
I2,24,N6,5.115234487004964e-05,5.109741018613659e-05,1.1844883590315039e-07,1.5519141548202165e-07,3.674257957887126e-08,67.15000065692585,2.4672642428583554e-06,2.0523018853887904e-06,-0.08446676877389452,-0.08462819240034421,-65.56197819562723
I2,1,N7,4.613620821721551e-05,4.637887403607402e-05,3.454658202942633e-07,7.552601684495559e-08,-2.699398034493077e-07,67.15000063944225,-1.8126457974231928e-05,3.1574387785441415e-06,-0.05960103166527081,-0.05901712906166466,-75.35547743355394
I2,2,N7,4.637887403607402e-05,4.662017804074462e-05,3.441134383967126e-07,7.561585855392234e-08,-2.6849757984279027e-07,67.15000055137725,-1.8029612634486825e-05,3.147969727129762e-06,-0.05959479917267631,-0.05901783958584868,-75.33159275375472
I2,3,N7,4.662017804074462e-05,4.6860145823585644e-05,3.4278739503143576e-07,7.570482089826416e-08,-2.6708257413317163e-07,67.1500006042669,-1.7934595014431635e-05,3.1386916194727493e-06,-0.05958868545018112,-0.05901856627490322,-75.30798837989934
I2,4,N7,4.6860145823585644e-05,4.709880174413344e-05,3.4148638261167984e-07,7.579291222782866e-08,-2.6569347038385117e-07,67.15000049617707,-1.7841316668106614e-05,3.1295947112963138e-06,-0.05958269857107098,-0.059019291654140424,-75.28465855161767
I2,5,N7,4.709880174413344e-05,4.733616981221819e-05,3.40210015026058e-07,7.588012159694384e-08,-2.6432989342911416e-07,67.14999564474508,-1.7749751192540946e-05,3.120676024672514e-06,-0.05957684747399283,-0.059020001491032835,-75.26159768204208
I2,6,N7,4.733616981221819e-05,4.75722727427223e-05,3.389569806537958e-07,7.596651197102313e-08,-2.6299046868277267e-07,67.15000065004189,-1.7659810143003004e-05,3.1119261946861417e-06,-0.059571139389395664,-0.05902067997612331,-75.23880037792657
I2,7,N7,4.75722727427223e-05,4.780713349945506e-05,3.3772749086271406e-07,7.605203553299145e-08,-2.616754553297226e-07,67.15000069396443,-1.757150700698433e-05,3.1033464479677915e-06,-0.05956559402890076,-0.059021303738307926,-75.21626146083058
I2,8,N7,4.780713349945506e-05,4.804077382851865e-05,3.3652027274167357e-07,7.613671686436936e-08,-2.603835558773042e-07,67.15000070709944,-1.7484755961278043e-05,3.094927422045322e-06,-0.05956023830224467,-0.059021834770072605,-75.1939760047687
I2,9,N7,4.804077382851865e-05,4.8273215118794993e-05,3.3533494892689246e-07,7.622055971640183e-08,-2.5911438921049063e-07,67.14999957989862,-1.7399531126630135e-05,3.0866663148247073e-06,-0.0595551269234979,-0.0590222082234406,-75.17193939749674
I2,10,N7,4.8273215118794993e-05,5.80858539914328e-05,1.0544661584618206e-05,5.3505850848688706e-08,-1.0491155733769517e-05,60.00000069024369,-0.000629469351267625,7.948625576600171e-05,-3.0619626542774743,-0.058975755359195414,-75.15014745203004
I2,11,N7,5.80858539914328e-05,6.789481901727999e-05,1.054076313833288e-05,5.352915824791229e-08,-1.0487233980084968e-05,60.000002892924115,-0.0006292340691438701,7.945719222435595e-05,-3.06556408654262,-0.05897573881108326,-75.13802358742117
I2,12,N7,6.789481901727999e-05,7.758155585351095e-05,1.0410212123196167e-05,5.35595215714949e-08,-1.0356652601624672e-05,60.0089696456607,-0.0006214920516015479,7.847828733575746e-05,-3.0295172050824406,-0.058975742661565314,-75.13410216545275
I2,13,N7,7.758155585351095e-05,8.738473687454683e-05,1.05345858900795e-05,5.353112426550899e-08,-1.0481054765813991e-05,60.000152290330675,-0.0006288648821121356,7.941087760758757e-05,-3.0401318714583385,-0.05897561500951311,-75.13785275173198
I2,14,N7,8.738473687454683e-05,8.990591041279656e-05,2.759487788992693e-06,5.775778218359664e-08,-2.7017300068090966e-06,61.69843634305182,-0.000166692516841224,2.112934178382217e-05,-1.8351728288692513,-0.05898435827755592,-75.14978216745835
I2,15,N7,8.990591041279656e-05,9.972532655511945e-05,1.055186927114792e-05,5.3476951761380854e-08,-1.0498392319386538e-05,60.00007065582567,-0.0006299042809357698,7.954009667181976e-05,-3.0648801984445844,-0.05897521725102971,-75.16422619111584
I2,16,N7,9.972532655511945e-05,0.00010955844471105628,1.0566449991714921e-05,5.3425977984598186e-08,-1.0513024013730323e-05,60.000029072352106,-0.0006307817464621552,7.96490697727464e-05,-3.088168665256664,-0.05897484628349752,-75.188960772588
I2,17,N7,0.00010955844471105628,0.00011941639581681663,1.0592888797884416e-05,5.3345269279664016e-08,-1.0539543528604752e-05,60.000000653092805,-0.0006323726185995852,7.98467555037306e-05,-3.088759341062537,-0.05897421489910544,-75.22786264505037
I2,18,N7,0.00011941639581681663,0.00011965529867066512,3.417308976470813e-07,7.577600130282849e-08,-2.659548963442528e-07,67.15000052735475,-1.7858871429769156e-05,3.1313017421243234e-06,-0.05958409377158021,-0.05901900267565963,-75.28963775636181
I2,19,N7,0.00011965529867066512,0.00011989774873272001,3.4525139165586287e-07,7.554010514074645e-08,-2.697112865151164e-07,67.15000097313956,-1.8111113151956788e-05,3.15593622597457e-06,-0.059600010525110284,-0.05901740822706457,-75.35214612839347
I2,20,N7,0.00011989774873272001,0.00011978405055364012,9.519728843169359e-08,1.8982345922462955e-07,9.462617079293597e-08,78.698898818324,7.446975440798713e-06,2.1376556074224237e-06,-0.05887281954621765,-0.05922898801801313,-75.41542603652638
I2,21,N7,0.00011978405055364012,4.5395558294614927e-05,5.424432729318944e-08,6.967515199261184e-05,6.962090766531865e-05,89.15813103604349,0.006207270008472765,0.0005229704723992878,-0.058773834212099044,-1.1217836170184277,-75.47792474304207
I2,22,N7,4.5395558294614927e-05,4.5643884060579154e-05,3.510960922268048e-07,7.516096507301593e-08,-2.7593512715378886e-07,67.15000075174743,-1.8529043995810445e-05,3.1969279297486554e-06,-0.05962642231272579,-0.059015058371251275,-75.4529004934443
I2,23,N7,4.5643884060579154e-05,4.589075819908762e-05,3.4965061631987693e-07,7.525331271145262e-08,-2.7439730360842433e-07,67.15000070034486,-1.8425779129478434e-05,3.1867794677349716e-06,-0.05962011139196612,-0.05901531132547007,-75.42818349602355
I2,24,N7,4.589075819908762e-05,4.613620821721551e-05,3.482334893929829e-07,7.534475015553178e-08,-2.728887392374511e-07,67.15000067924299,-1.8324479025152606e-05,3.17683679661386e-06,-0.05961372647032002,-0.059015815126018285,-75.40376809346023
I2,1,N8,7.047545688751817e-05,7.071408215759484e-05,3.4170947986842103e-07,7.601705568304638e-08,-2.6569242418537464e-07,67.15000063310056,-1.7841246452257928e-05,3.1329490166360057e-06,-0.03764671787974309,-0.03736845626161609,-75.58581843773054
I2,2,N8,7.071408215759484e-05,7.095179737360001e-05,3.4080779595094577e-07,7.607890462059205e-08,-2.647288913303537e-07,67.15000054649708,-1.7776545197506817e-05,3.1266502542865337e-06,-0.03764480792662955,-0.03736857062963812,-75.56927841731037
I2,3,N8,7.095179737360001e-05,7.11886132728597e-05,3.399171635054201e-07,7.614038557139254e-08,-2.637767779340275e-07,67.15000060091955,-1.7712610796778572e-05,3.120431618076095e-06,-0.037642912586022474,-0.037368704137067325,-75.55288258349361
I2,4,N8,7.11886132728597e-05,7.142454042540328e-05,3.390374101822316e-07,7.620150413021562e-08,-2.62835906052016e-07,67.15000049313775,-1.764943122100718e-05,3.114291857343354e-06,-0.03764103987363963,-0.03736884698293179,-75.5366289499575
I2,5,N8,7.142454042540328e-05,7.165958959970998e-05,3.3816873152209964e-07,7.626224586050465e-08,-2.61906485661595e-07,67.1499956404603,-1.7587019370384382e-05,3.108232330369532e-06,-0.03763919678277629,-0.03736899108738873,-75.5205155609996
I2,6,N8,7.165958959970998e-05,7.189377039747659e-05,3.3730994692632096e-07,7.63226685528256e-08,-2.6098727837349535e-07,67.15000064283244,-1.75252959105513e-05,3.1022446160935995e-06,-0.037637387532415446,-0.03736912890626318,-75.50454050492787
I2,7,N8,7.189377039747659e-05,7.212709325647692e-05,3.364618920973445e-07,7.638272179459824e-08,-2.6007917030274624e-07,67.15000067843913,-1.7464316462277296e-05,3.0963346041895703e-06,-0.03763562062348376,-0.03736925207279588,-75.48870192493787
I2,8,N8,7.212709325647692e-05,7.235956816831733e-05,3.356241129483974e-07,7.644242537502095e-08,-2.5918168757337645e-07,67.15000067496932,-1.7404050495491917e-05,3.0904990374256375e-06,-0.03763390388235193,-0.03736935034624351,-75.47299803301702
I2,9,N8,7.235956816831733e-05,7.259120503793656e-05,3.34796518272889e-07,7.650178050920643e-08,-2.5829473776368257e-07,67.14999953303041,-1.7344491520215498e-05,3.084737240865716e-06,-0.037632249000973034,-0.037369409999894306,-75.45742712556138
I2,10,N8,7.259120503793656e-05,7.609672217430945e-05,3.8064388539257557e-06,5.3641814523916796e-08,-3.752797039401839e-06,60.000000646340276,-0.00022516782478969422,2.8950605013372543e-05,-3.676472391201977,-0.037351420725693536,-75.44198760503572
I2,11,N8,7.609672217430945e-05,7.95992113978709e-05,3.803235835491834e-06,5.366978927754995e-08,-3.749566046214284e-06,59.99999716656657,-0.00022497395214871128,2.8926792185770382e-05,-3.6591736529247703,-0.03735139552795922,-75.42816115732592
I2,12,N8,7.95992113978709e-05,8.312019876800354e-05,3.822995055120986e-06,5.366649736712511e-08,-3.769328557753861e-06,59.98677293204533,-0.00022610985630025474,2.9074961643660833e-05,-3.606293326856608,-0.0373513356849089,-75.41584870637725
I2,13,N8,8.312019876800354e-05,8.661987100152663e-05,3.8002788044835707e-06,5.371584891522061e-08,-3.74656295556835e-06,59.9997766963388,-0.0002247929407128761,2.8904959900490934e-05,-3.645584454714474,-0.03735128473628928,-75.40497531380947
I2,14,N8,8.661987100152663e-05,0.00017904541872322815,9.880042399278983e-05,4.8343590874601727e-08,-9.875208040191522e-05,57.495152855370556,-0.005677765957493959,0.0007413657568774832,-5.498202846036585,-0.037346811540873125,-75.39546119935038
I2,15,N8,0.00017904541872322815,0.00018254125679953415,3.7961368142813194e-06,5.3675839022192345e-08,-3.742460975259127e-06,59.99989705520663,-0.00022454727324867582,2.8873594899776335e-05,-3.6169850078270303,-0.037351249070090284,-75.42618736899755
I2,16,N8,0.00018254125679953415,0.00018605111972174807,3.8110362521628444e-06,5.360192118265211e-08,-3.7574343309801925e-06,59.99995848987272,-0.00022544590388723422,2.8984786300091226e-05,-3.7200838095168645,-0.03735119544705189,-75.46028647363578
I2,17,N8,0.00018605111972174807,0.000189563387901901,3.8135208657772287e-06,5.352735980083222e-08,-3.7599935059763965e-06,60.000000601641226,-0.0002255996126207509,2.900286169183546e-05,-3.7283044795603018,-0.03735108314766525,-75.49826514026226
I2,18,N8,0.000189563387901901,0.00018979950321723724,3.392236691790675e-07,7.618856451836623e-08,-2.6303510466070124e-07,67.1500004854437,-1.766280740565482e-05,3.115591752730753e-06,-0.03764154931072222,-0.037368784896479657,-75.54075704302316
I2,19,N8,0.00018979950321723724,0.00019003797051209785,3.415518111633423e-07,7.602678756343675e-08,-2.6552502359990555e-07,67.15000083278461,-1.7830005555858813e-05,3.1318394904508427e-06,-0.037646357574871864,-0.03736858509199442,-75.58365015977458
I2,20,N8,0.00019003797051209785,0.0001900018951048029,1.1916952710575067e-07,1.3817052724729638e-07,1.9001000141545716e-08,75.6024851839319,1.436522831681098e-06,1.930050407647853e-06,-0.03734982339636765,-0.037413434088887844,-75.62695785445295
I2,21,N8,0.0001900018951048029,6.975119833895117e-05,4.739388687825437e-08,0.00011259617376755571,0.00011254877988067746,92.27739346449792,0.010385708044998441,0.0008448267574082547,-0.03727547588452681,-4.0554305830237345,-75.6700739384588
I2,22,N8,6.975119833895117e-05,6.999356276741465e-05,3.4541992355792214e-07,7.5767908307592e-08,-2.6965201525033014e-07,67.15000073456545,-1.8107133022136723e-05,3.158908738991356e-06,-0.03765427293929105,-0.03736842587915798,-75.65295423613158
I2,23,N8,6.999356276741465e-05,7.023497823494953e-05,3.4447777042990467e-07,7.58307191499084e-08,-2.686470512799963e-07,67.15000068981672,-1.8039649678768978e-05,3.152313671848598e-06,-0.03765244579245277,-0.03736831500687457,-75.63598731484599
I2,24,N8,7.023497823494953e-05,7.047545688751817e-05,3.435482212358113e-07,7.589320362755778e-08,-2.6765501760825354e-07,67.15000067186075,-1.797303461222113e-05,3.145810686475268e-06,-0.03765056182903248,-0.037368308991969794,-75.61917141765586
I2,1,N9,5.11895935108883e-05,5.1124062478543796e-05,1.1502504279710865e-07,1.6211002616882706e-07,4.7084983371718416e-08,67.15000062516464,3.161756662846758e-06,2.078513017244518e-06,-0.0844488027921417,-0.08465315501856059,-65.28321175054676
I2,2,N9,5.1124062478543796e-05,5.105852995128128e-05,1.1502458229640737e-07,1.621110219692709e-07,4.708643967286354e-08,67.15000054043566,3.1618544494799776e-06,2.0785170319925872e-06,-0.08444879818588948,-0.08465316348592969,-65.28313149903003
I2,3,N9,5.105852995128128e-05,5.099299355192474e-05,1.150233896721607e-07,1.6211360139594237e-07,4.709021172378168e-08,67.15000059289964,3.1621077451717095e-06,2.078527433010773e-06,-0.08444877703152688,-0.08465319622926877,-65.28291874417043
I2,4,N9,5.099299355192474e-05,5.092745090557172e-05,1.1502146577855069e-07,1.6211776306915543e-07,4.709629729060474e-08,67.15000048697351,3.1625163859987576e-06,2.078544216357796e-06,-0.08444874039354862,-0.08465325202203178,-65.28257346155935
I2,5,N9,5.092745090557172e-05,5.0861899748661135e-05,1.1501884835549844e-07,1.6212343583716575e-07,4.7104587481667305e-08,67.1499956350226,3.1630728437835e-06,2.0785671314449813e-06,-0.08444868920217036,-0.08465332968431509,-65.28209560704467
I2,6,N9,5.0861899748661135e-05,5.079633747020002e-05,1.150154202603895e-07,1.6213084226805066e-07,4.7115422007661166e-08,67.15000063338051,3.1638006176564375e-06,2.0785969689633012e-06,-0.08444862346512283,-0.08465342961566337,-65.2814851184422
I2,7,N9,5.079633747020002e-05,5.073076180970318e-05,1.150113001088859e-07,1.6213975820523202e-07,4.7128458096346124e-08,67.15000066124274,3.164675992332993e-06,2.0786329373558845e-06,-0.08444854489352613,-0.08465354946099621,-65.28074191617677
I2,8,N9,5.073076180970318e-05,5.066517038848069e-05,1.1500644827795197e-07,1.6215025957477236e-07,4.714381129682039e-08,67.15000066002678,3.1657069596976667e-06,2.0786753088954323e-06,-0.08444845510429919,-0.0846536875187986,-65.27986590622143
I2,9,N9,5.066517038848069e-05,5.059956085260962e-05,1.1500087347805654e-07,1.6216233082594966e-07,4.716145734789312e-08,67.14999953003124,3.166891838746611e-06,2.0787240322800465e-06,-0.08444835768352799,-0.08465383966994683,-65.27885698359088
I2,10,N9,5.059956085260962e-05,5.0737379183698694e-05,2.5034316338962546e-07,9.032668617363216e-08,-1.600164772159933e-07,60.00000064675099,-9.600988736450413e-06,2.555023871724432e-06,-0.08509592018850191,-0.08433882319487562,-65.27771503948514
I2,11,N9,5.0737379183698694e-05,5.087517447741596e-05,2.5032254410722526e-07,9.033018468280452e-08,-1.5999235942442076e-07,59.99999810976566,-9.599541263042195e-06,2.5548954659252232e-06,-0.08509570068941348,-0.08433889905348602,-65.2768498383615
I2,12,N9,5.087517447741596e-05,5.1013366623812493e-05,2.5068544952107295e-07,9.027667055645769e-08,-1.6040877896461526e-07,59.990448063832204,-9.622994523459491e-06,2.55721590058148e-06,-0.08509738957456979,-0.0843387114298281,-65.27626121993706
I2,13,N9,5.1013366623812493e-05,5.1151144884793296e-05,2.5030742440878085e-07,9.03328810167999e-08,-1.5997454339198095e-07,59.999838873962695,-9.598446827454611e-06,2.554802290691856e-06,-0.08509549156282985,-0.08433898550587939,-65.27594991451939
I2,14,N9,5.1151144884793296e-05,5.139103909820568e-05,3.484700134368744e-07,8.07522011379962e-08,-2.677178122988782e-07,58.19109728694522,-1.557879326093216e-05,3.2191666093115293e-06,-0.0855844656250366,-0.08429658574191701,-65.2759150211247
I2,15,N9,5.139103909820568e-05,5.152882506561901e-05,2.5031425345484165e-07,9.033165069590168e-08,-1.5998260275893998e-07,59.99992578916723,-9.598944293094219e-06,2.554844281130575e-06,-0.08509558454265921,-0.08433894697188417,-65.27636908287084
I2,16,N9,5.152882506561901e-05,5.166662879127951e-05,2.5033011382265225e-07,9.032892418133628e-08,-1.6000118964131596e-07,59.99997017004563,-9.600066605650772e-06,2.5549427850299138e-06,-0.08509577143077125,-0.0843388735046426,-65.27709964422539
I2,17,N9,5.166662879127951e-05,5.180445833510512e-05,2.5035320051418164e-07,9.032498453690297e-08,-1.6002821597727868e-07,60.00000060431523,-9.60169305534421e-06,2.5550863878831345e-06,-0.0850960231640497,-0.08433878394986162,-65.2781068525685
I2,18,N9,5.180445833510512e-05,5.1738858975722967e-05,1.1500400525408285e-07,1.6215554936878e-07,4.715154411469715e-08,67.15000046932228,3.1662262094311838e-06,2.0786966596714713e-06,-0.08444841237682854,-0.08465375588007866,-65.27939089522097
I2,19,N9,5.1738858975722967e-05,5.1673280429554366e-05,1.1501041213526398e-07,1.6214168124386577e-07,4.7131269108601783e-08,67.15000068743981,3.1648647530425205e-06,2.0786407003434733e-06,-0.08444852070803618,-0.08465358557480233,-65.2805419522959
I2,20,N9,5.1673280429554366e-05,5.1451753800822833e-05,8.62065449041692e-08,2.828741336570767e-07,1.966675887529075e-07,71.2675059609097,1.4016008553765573e-05,2.7681050892093446e-06,-0.08431454304536995,-0.08517429051215682,-65.28156014193668
I2,21,N9,5.1451753800822833e-05,5.1386204070985424e-05,1.1501928430469341e-07,1.621224820300199e-07,4.71031977253265e-08,67.15000114603289,3.162979781237488e-06,2.07856324751035e-06,-0.08444868673047995,-0.08465333102787365,-65.28214519260399
I2,22,N9,5.1386204070985424e-05,5.132066237035557e-05,1.150217572806091e-07,1.6211713325605616e-07,4.7095375975447056e-08,67.1500006870253,3.1624545291069844e-06,2.0785416790249894e-06,-0.08444873879550115,-0.08465325315925405,-65.28259759939617
I2,23,N9,5.132066237035557e-05,5.1255126309474534e-05,1.1502349417393377e-07,1.6211337613645484e-07,4.708988196252107e-08,67.15000066704653,3.162085605194432e-06,2.0785265273279147e-06,-0.08444877347669989,-0.08465320054584463,-65.28291742851879
I2,24,N9,5.1255126309474534e-05,5.11895935108883e-05,1.150244989144835e-07,1.621112028777027e-07,4.70867039632192e-08,67.15000065653297,3.1618722020441426e-06,2.0785177634413963e-06,-0.08444879064652416,-0.08465317330810693,-65.28310472277562
I4,1,N1,6.124978392187729e-05,6.123418734607613e-05,1.6962849768856194e-07,1.6320924326085965e-07,-6.419254427702293e-09,67.15000056161499,-4.3105293842535845e-07,2.4962830571206615e-06,-0.06994578847112155,-0.07017755690693939,-66.84733146666754
I4,2,N1,6.123418734607613e-05,6.121857065894094e-05,1.6961878059670266e-07,1.6321955436418396e-07,-6.399226232518699e-09,67.15000046717489,-4.2970804450318845e-07,2.4962875122066495e-06,-0.06994183757142998,-0.07018226109240615,-66.84604913991369
I4,3,N1,6.121857065894094e-05,6.120293311629518e-05,1.696087112470345e-07,1.6323025340510548e-07,-6.378457841929014e-09,67.15000050956431,-4.2831344733576774e-07,2.49629223489105e-06,-0.06994497651454334,-0.07017805494689501,-66.84472879220664
I4,4,N1,6.120293311629518e-05,6.11872741451572e-05,1.6959836736380075e-07,1.6324124823910303e-07,-6.357119124697719e-09,67.1500003940576,-4.2688055172852293e-07,2.4962971170217786e-06,-0.06994998390826193,-0.07017158876751292,-66.84337032808766
I4,5,N1,6.11872741451572e-05,6.117159334290769e-05,1.6958783447068237e-07,1.6325245433397418e-07,-6.335380136708192e-09,67.14999555097324,-4.2542074799367935e-07,2.496302166034924e-06,-0.06995529890660669,-0.07016479110585572,-66.84197365669529
I4,6,N1,6.117159334290769e-05,6.115589000117847e-05,1.6957695172364663e-07,1.6326401695583277e-07,-6.312934767813857e-09,67.15000057089705,-4.2391357326273637e-07,2.4963072650960956e-06,-0.06995936236645424,-0.07015955146204061,-66.84053869975583
I4,7,N1,6.115589000117847e-05,6.114016369213863e-05,1.6956586834707418e-07,1.6327580425668925e-07,-6.290064090384933e-09,67.15000062124503,-4.2237780757701927e-07,2.4963125445282257e-06,-0.06996446758267982,-0.07015309192693771,-66.83906540274809
I4,8,N1,6.114016369213863e-05,6.112441417129925e-05,1.6955466590950106e-07,1.6328771609031163e-07,-6.266949819189425e-09,67.15000062972015,-4.208256843049945e-07,2.4963178649985952e-06,-0.06996141458474636,-0.07015634401390396,-66.83755375508392
I4,9,N1,6.112441417129925e-05,6.110864071093564e-05,1.695431171666708e-07,1.6330000567758933e-07,-6.243111489081473e-09,67.14999950707012,-4.1922493341440475e-07,2.496323421331951e-06,-0.06996593301438982,-0.07015063205099929,-66.83600382546842
I4,10,N1,6.110864071093564e-05,6.134995464296377e-05,3.712449983654944e-07,9.937641770968766e-08,-2.7186858065580673e-07,60.00000064105364,-1.6312115013630746e-05,3.5296606205638657e-06,-62.48484764666376,-0.06957433439931453,-66.83441582459828
I4,11,N1,6.134995464296377e-05,6.158634473565405e-05,3.659874656286666e-07,9.937902792931034e-08,-2.6660843769935627e-07,60.0000005841519,-1.59965064177012e-05,3.490248701684827e-06,-69.10224472287992,-0.0697079764153566,-66.83400563194492
I4,12,N1,6.158634473565405e-05,6.189503757566768e-05,4.432366379778691e-07,9.938134733309384e-08,-3.4385529064477527e-07,60.00000057005065,-2.063131763470145e-05,4.069634889832222e-06,-0.08896727463043648,-0.0696132517170565,-66.83468691137865
I4,13,N1,6.189503757566768e-05,6.220534838226972e-05,4.449661038919158e-07,9.938210877578619e-08,-3.455839951161296e-07,60.00000056000771,-2.0735039900497478e-05,4.082611595007765e-06,-0.0712463652523873,-0.06942891804505626,-66.83566639473966
I4,14,N1,6.220534838226972e-05,6.251568424409012e-05,4.449906125546332e-07,9.938012903277256e-08,-3.4561048352186064e-07,60.000000547451364,-2.0736629200516568e-05,4.082780561905544e-06,-0.07136030391309507,-0.06936311636634866,-66.83694569094978
I4,15,N1,6.251568424409012e-05,6.282608390712948e-05,4.4505386410739204e-07,9.937582552419607e-08,-3.45678038583196e-07,60.00000054164734,-2.074068250222735e-05,4.083222672236911e-06,-0.07139955306683135,-0.0693417472580234,-66.83852495259082
I4,16,N1,6.282608390712948e-05,6.313657537823609e-05,4.451449623256094e-07,9.936970395781701e-08,-3.4577525836779237e-07,60.00000056470629,-2.0746515697329005e-05,4.0838599971256984e-06,-0.07147599340159208,-0.06927497119657687,-66.84040448600474
I4,17,N1,6.313657537823609e-05,6.344462729029498e-05,4.425272761321336e-07,9.935978682314035e-08,-3.4316748930899324e-07,60.0000006076073,-2.0590049567050667e-05,4.064152972164555e-06,-0.09972367165552672,-0.06951374734909235,-66.84258471066308
I4,18,N1,6.344462729029498e-05,6.342896767936206e-05,1.695980118591551e-07,1.6324153563097558e-07,-6.356476228179519e-09,67.15000041014567,-4.268373813293359e-07,2.49629660617598e-06,-0.06987074642439459,-0.07026857529423733,-66.84506348399395
I4,19,N1,6.342896767936206e-05,6.341335198380161e-05,1.6961932887673781e-07,1.6321910659616271e-07,-6.4002222805751e-09,67.15000034999937,-4.2977492838069176e-07,2.496288266046754e-06,-0.07010530375301793,-0.06998607755870889,-66.84750433562598
I4,20,N1,6.341335198380161e-05,6.364451002834153e-05,3.603375550119843e-07,9.932636090642158e-08,-2.610111941055627e-07,60.0000009284113,-1.5660671888659505e-05,3.4474793693880436e-06,-75.65620349717136,-0.06984305940977631,-66.84990753316318
I4,21,N1,6.364451002834153e-05,6.129641306744828e-05,8.157833903596501e-08,2.269289211912143e-06,2.187710872876178e-06,78.50065059165675,0.00017173672682722124,1.763150663211081e-05,-0.068296893547413,-0.1195057481948332,-66.8533187392573
I4,22,N1,6.129641306744828e-05,6.128088908458803e-05,1.6966364442394794e-07,1.6317208818243764e-07,-6.4915562415103024e-09,67.15000063781221,-4.3590800575781063e-07,2.4962679945478917e-06,-0.07009336322118508,-0.06999967074252063,-66.85218945813098
I4,23,N1,6.128088908458803e-05,6.126534620889649e-05,1.6965451258379713e-07,1.631817715039009e-07,-6.472741079896219e-09,67.15000060976756,-4.346445674618986e-07,2.496272130657735e-06,-0.07009933428782786,-0.06999295718905199,-66.85102259938458
I4,24,N1,6.126534620889649e-05,6.124978392187729e-05,1.6964513105218465e-07,1.6319172138425776e-07,-6.4534096679268905e-09,67.15000059390474,-4.3334646303400126e-07,2.496276393273318e-06,-0.07010561981570332,-0.06998591128815211,-66.84981810023773
I4,1,N2,0.06257278435956767,0.06257291756618034,2.72604881995163e-07,1.1414665723517408e-07,-1.584582247599889e-07,67.15000063944225,-1.0640469893958138e-05,2.900636544227528e-06,-2.152919875316202e-05,-2.1529143815977868e-05,-71.82435804487397
I4,2,N2,0.06257291756618034,0.06257305079330282,2.7260990982094925e-07,1.1413186491130782e-07,-1.584780449096414e-07,67.15000055137725,-1.064180080306361e-05,2.9005633104919283e-06,-2.1529198954063046e-05,-2.152914360506138e-05,-71.82433994867925
I4,3,N2,0.06257305079330282,0.0625731840269112,2.7261213753538255e-07,1.1412774579532134e-07,-1.5848439174006123e-07,67.1500006042669,-1.0642227001111985e-05,2.900549124980279e-06,-2.1529199041378604e-05,-2.1529143509799354e-05,-71.8243218525714
I4,4,N2,0.0625731840269112,0.06257331724615854,2.7259737525676925e-07,1.1412825457244076e-07,-1.584691206843285e-07,67.15000049617707,-1.0641201532581403e-05,2.900442223719075e-06,-2.1529199127412435e-05,-2.1529143415208024e-05,-71.82430375655044
I4,5,N2,0.06257331724615854,0.06257345044570257,2.725784975962511e-07,1.1413015821409062e-07,-1.5844833938216046e-07,67.14999564474508,-1.0639805299429165e-05,2.9003149185775627e-06,-2.1529199199432082e-05,-2.1529143337775917e-05,-71.82428566061634
I4,6,N2,0.06257345044570257,0.06257358365677672,2.725893912416408e-07,1.1412890990989513e-07,-1.584604813317457e-07,67.15000065004189,-1.0640621424432674e-05,2.9003872586365194e-06,-2.152919915830586e-05,-2.152914338220365e-05,-71.82426756476913
I4,7,N2,0.06257358365677672,0.06257371684941922,2.72571736741029e-07,1.1413069489102657e-07,-1.5844104185000243e-07,67.15000069396443,-1.063931607018011e-05,2.900268237240417e-06,-2.152919920063826e-05,-2.152914333857379e-05,-71.82424946900879
I4,8,N2,0.06257371684941922,0.06257385009171353,2.7261339432424885e-07,1.1412071683643933e-07,-1.584926774878095e-07,67.15000070709944,-1.0642783405376492e-05,2.9005058337051616e-06,-2.152919863571568e-05,-2.152914394544813e-05,-71.82423137333532
I4,9,N2,0.06257385009171353,0.06257398331129989,2.725925548296972e-07,1.1412371407090673e-07,-1.5846884075879045e-07,67.14999957989862,-1.0641182590379799e-05,2.9003720167545297e-06,-2.1529198744761517e-05,-2.1529143880452162e-05,-71.82421327774875
I4,10,N2,0.06257398331129989,0.10831250776531737,0.04886603346877132,7.756889633442506e-08,-0.04886595589987498,60.000000690253216,-2.9319573877223823,0.36649583278250736,-0.00016137798713307175,-2.1529095584356104e-05,-71.82419518224907
I4,11,N2,0.10831250776531737,0.1083165423297389,4.399170735224305e-06,7.774358587508463e-08,-4.321427149349221e-06,60.000002892924115,-0.00025928564146251407,3.357685740824542e-05,-2.1535760214497547e-05,-2.152910857535958e-05,-71.82419953878495
I4,12,N2,0.1083165423297389,0.10832020241740854,3.999226851565077e-06,7.786458896795128e-08,-3.921362262597125e-06,60.0089696456607,-0.00023531690898583024,3.0578185803997714e-05,-2.1530063691122657e-05,-2.1529103294255727e-05,-71.8242038971389
I4,13,N2,0.10832020241740854,0.10832379848182698,3.930892706056347e-06,7.792308054289868e-08,-3.852969625513448e-06,60.000152290330675,-0.00023117876430082523,3.006611839949434e-05,-2.1530080987860812e-05,-2.152907923391859e-05,-71.82420825714216
I4,14,N2,0.10832379848182698,0.10832456874056985,9.196519844364729e-07,8.474124162713816e-08,-8.349107428093347e-07,61.69843634305182,-5.151268731735185e-05,7.532949195477082e-06,-2.1529413939401e-05,-2.1529085506991956e-05,-71.8242126187659
I4,15,N2,0.10832456874056985,0.10832774854846383,3.486444340953207e-06,7.815975256168361e-08,-3.4082845883915232e-06,60.00007065582567,-0.00020449731611865308,2.673453070136168e-05,-2.1529985942646126e-05,-2.1529076754617263e-05,-71.8242169807362
I4,16,N2,0.10832774854846383,0.10833091505495263,3.4722912882023434e-06,7.821043491653221e-08,-3.394080853285811e-06,60.000029072352106,-0.00020364494987106232,2.662876292339157e-05,-2.1529969892446748e-05,-2.1529084269281508e-05,-71.82422134413936
I4,17,N2,0.10833091505495263,0.16594891656806557,0.06155778191042457,7.708432162201501e-08,-0.06155770482610295,60.00000065314952,-3.6934623297725624,0.4616839424605964,-0.018676163085061395,-2.1529103340012854e-05,-71.82422570896942
I4,18,N2,0.16594891656806557,0.16594905153580494,2.7408706781948997e-07,1.1379677971894747e-07,-1.602902881005425e-07,67.15000052735475,-1.0763492930481274e-05,2.909128856538281e-06,-2.1529184418499172e-05,-2.152916019134851e-05,-71.82428141320419
I4,19,N2,0.16594905153580494,0.1659491830148866,2.7110361196060245e-07,1.1444836959658535e-07,-1.566552423640171e-07,67.15000097313956,-1.0519399677191161e-05,2.8916398616789084e-06,-2.152919846348759e-05,-2.1529143782568046e-05,-71.82433711774482
I4,20,N2,0.1659491830148866,0.16594891054018973,1.0366348546563323e-07,3.458554812163733e-07,2.421919957507401e-07,78.698898818324,1.906024336819545e-05,3.371392250115049e-06,-2.1529069785395077e-05,-2.1529341107144053e-05,-71.82439282258332
I4,21,N2,0.16594891054018973,0.06257239096216105,6.44346562604105e-08,0.09676047877597947,0.09676041434132321,89.15813103598545,8.62697770093994,0.725704074079768,-2.1528903997403272e-05,-4.12368015082306,-71.82444852679497
I4,22,N2,0.06257239096216105,0.06257252209150879,2.7080574431014227e-07,1.1451475987872253e-07,-1.5629098443141974e-07,67.15000075174743,-1.0494939722061181e-05,2.8899037814164862e-06,-2.1529194507227223e-05,-2.152914818139113e-05,-71.82443043025688
I4,23,N2,0.06257252209150879,0.06257265323224605,2.7081497341054656e-07,1.145121848749584e-07,-1.5630278853558816e-07,67.15000070034486,-1.04957323596306e-05,2.889953687141287e-06,-2.1529195716643955e-05,-2.152914684033457e-05,-71.82441233380429
I4,24,N2,0.06257265323224605,0.06257278435956767,2.708018953460136e-07,1.1451328425470635e-07,-1.5628861109130726e-07,67.15000067924299,-1.0494780340939227e-05,2.8898638470053997e-06,-2.1529196559395984e-05,-2.1529145898594547e-05,-71.82439423743719
I4,1,N3,83.73137258846988,74.22645745078202,6.448205933181856e-08,8.896600625368313,8.896600560886254,67.15000062370936,597.406733212405,66.72450517387779,-3.118973515636098e-08,-3.9116246806882166e-08,-67.97519987897782
I4,2,N3,74.22645745078202,67.70882329978474,6.446516793790689e-08,6.100505621811117,6.100505557345949,67.15000053981075,409.64895146889893,45.753792647072146,-3.118973515634747e-08,-3.7810642435945695e-08,-67.97519990835642
I4,3,N3,67.70882329978474,60.92765510330834,6.447231450458164e-08,6.347173488385856,6.347173423913541,67.15000059200004,426.2126991733212,47.60380164643628,-3.1189735156353185e-08,-3.70230047384822e-08,-67.97519992499993
I4,4,N3,60.92765510330834,57.09830954876537,6.448073530739899e-08,3.584267495543533,3.5842674310627975,67.15000048653809,240.68355973974948,26.882006700182014,-3.118973515635992e-08,-3.542237133923431e-08,-67.97519993203079
I4,5,N3,57.09830954876537,45.07493450027103,6.450805636495721e-08,11.253879101905957,11.253879037397901,67.14999563475698,755.6979282353522,84.4040937481051,-3.1189735156381805e-08,-4.0633149638981964e-08,-67.97519993230223
I4,6,N3,45.07493450027103,37.77844223999794,6.453209908643001e-08,6.829516812151919,6.82951674761982,67.15000063169833,458.60205391686526,51.22137657513014,-3.118973515640104e-08,-3.8043350218460416e-08,-67.9751999187462
I4,7,N3,37.77844223999794,27.99903126708929,6.452255449635253e-08,9.153528727170455,9.1535286626479,67.15000065726973,614.6594557131439,68.65146593769757,-3.1189735156393405e-08,-3.974683172192226e-08,-67.9751998927975
I4,8,N3,27.99903126708929,14.57944375638271,6.492141952112523e-08,12.560733966898754,12.560733901977335,67.15000065616142,843.4532897596471,94.2055052386513,-3.118973515671265e-08,-4.242581158380149e-08,-67.97519984632936
I4,9,N3,14.57944375638271,9.498861868613118e-07,6.48818323790654e-08,13.646358523723462,13.646358458841629,67.14999952953904,916.3529640911365,102.34768941453972,-3.1189735156680967e-08,-5.093356532597634e-08,-67.97519974940755
I4,10,N3,9.498861868613118e-07,5.071793597766324e-07,7.64513112038798e-08,4.81352278091734e-07,4.0490096688785426e-07,60.00000064675099,2.4294058275141357e-05,4.183526919717104e-06,-3.118973516595089e-08,-3.1189735489797697e-08,-65.76910161520655
I4,11,N3,5.071793597766324e-07,1.0407910916348654e-06,6.644286549776145e-07,8.26427058919621e-08,-5.817859490856524e-07,59.99999810976566,-3.4907155845427366e-05,5.603035206521824e-06,-3.1189735636855884e-08,-3.118973517088737e-08,-61.67016672144922
I4,12,N3,1.0407910916348654e-06,3.2142207581195485,3.433995511143299,7.591116401728912e-08,-3.433995435232135,59.99044806392337,-206.0069248090433,25.754966902908475,-3.414069477091588e-08,-3.118973516550819e-08,-59.651006428040304
I4,13,N3,3.2142207581195485,40.465933886401174,39.79883891758754,9.227116733767583e-08,-39.79883882531637,59.999838875026285,-2387.9239169321227,298.49129257394026,-1.7089364468676812e-07,-3.118973517860249e-08,-59.65100578894637
I4,14,N3,40.465933886401174,85.17499030899697,47.766085945468404,2.0931420542961006e-08,-47.76608592453698,58.19109728822917,-2779.5609531126456,358.2456447479987,-29.042249520674638,-3.118973512144377e-08,-59.651005765356
I4,15,N3,85.17499030899697,113.89285526370378,30.6814797684838,1.0164400122591532e-07,-30.6814796668398,59.99992578998629,-1840.8865031373614,230.1110990259585,-9.223961770022362e-08,-3.1189735186104357e-08,-59.651005814152775
I4,16,N3,113.89285526370378,113.89285550976831,3.6940342742474314e-07,9.331648094948132e-08,-2.760869464752618e-07,59.99997017004563,-1.6565208552854692e-05,3.4703993128066836e-06,-3.118973540055994e-08,-3.118973517942577e-08,-61.61361341008513
I4,17,N3,113.89285550976831,113.89285579148863,3.943988990207617e-07,8.184107315758369e-08,-3.12557825863178e-07,60.00000060431523,-1.8753469740674135e-05,3.57179979133759e-06,-3.118973542065963e-08,-3.1189735170238774e-08,-64.15183582854218
I4,18,N3,113.89285579148863,83.73135637083048,9.573745175090831e-08,28.23116354161123,28.23116344587378,67.15000046833195,1895.7226386119803,211.73372728011512,-3.118973518137732e-08,-7.490405524698272e-08,-67.97519947807254
I4,19,N3,83.73135637083048,83.73135491768193,2.090806648364802e-07,1.5433217718079314e-06,1.3342411069714512e-06,67.1500006794944,8.959429123974231e-05,1.3143018274833086e-05,-3.11897352720954e-08,-3.1189736340000804e-08,-67.97519952818567
I4,20,N3,83.73135491768193,83.73136872511233,1.4857798353947787e-05,9.310284418087653e-08,-1.476469550976691e-05,71.26750594471156,-0.0010522430250141694,0.00011213175898596498,-3.118974699669029e-08,-3.118973517926863e-08,-67.97519957829878
I4,21,N3,83.73136872511233,83.73136962288302,1.088253687221485e-06,1.1310133556243501e-07,-9.7515235165905e-07,67.15000113060367,-6.548148151641603e-05,9.0101626708794e-06,-3.118973597577139e-08,-3.1189735195275077e-08,-67.97519962841194
I4,22,N3,83.73136962288302,83.7313702760288,7.960376255490884e-07,8.60609346224149e-08,-7.099766909266734e-07,67.15000067913788,-4.7674935277898183e-05,6.6157392012862745e-06,-3.118973574188634e-08,-3.118973517363239e-08,-67.97519967852512
I4,23,N3,83.7313702760288,83.73137149803347,1.3892355802929132e-06,7.330735768103643e-08,-1.3159282226118768e-06,67.15000066243644,-8.836458102010633e-05,1.0969072034804623e-05,-3.1189736216672376e-08,-3.118973516342463e-08,-67.9751997286383
I4,24,N3,83.73137149803347,83.73137258846988,1.2508370086246613e-06,7.52048277393064e-08,-1.175632180885355e-06,67.15000065345502,-7.894370171467434e-05,9.945313772729759e-06,-3.1189736105900405e-08,-3.1189735164943336e-08,-67.97519977875147
I4,1,N4,6.125020002546467e-05,6.123460165896579e-05,1.6962764036948594e-07,1.6321016826011195e-07,-6.417472109373992e-09,67.1500006185528,-4.3093325611400885e-07,2.496283564721984e-06,-0.06994483928291328,-0.0701775644156842,-66.84700481581753
I4,2,N4,6.123460165896579e-05,6.121898317669274e-05,1.6961792124775468e-07,1.6322048174104758e-07,-6.397439506707105e-09,67.15000053157596,-4.295880662761071e-07,2.496288022416017e-06,-0.06994093352423343,-0.07018221498488879,-66.84572101010949
I4,3,N4,6.121898317669274e-05,6.120334383497863e-05,1.6960785014989193e-07,1.6323118292932033e-07,-6.3766672205716026e-09,67.15000058355193,-4.281932075824996e-07,2.496292748094092e-06,-0.06994409563030143,-0.07017797575989336,-66.84439910719779
I4,4,N4,6.120334383497863e-05,6.118768306137829e-05,1.6959750476680636e-07,1.6324217962610226e-07,-6.3553251407041045e-09,67.1500004761114,-4.2676008622412337e-07,2.4962976329468143e-06,-0.06994910999332332,-0.07017149717646716,-66.84303901136084
I4,5,N4,6.118768306137829e-05,6.117200045374361e-05,1.695869706161516e-07,1.6325338735499277e-07,-6.3335832611588445e-09,67.14999562496087,-4.253000882771418e-07,2.4963026847835827e-06,-0.0699544307098917,-0.07016468915252784,-66.84164063151422
I4,6,N4,6.117200045374361e-05,6.115629530294369e-05,1.6957608625905783e-07,1.6326495201593953e-07,-6.311134243118301e-09,67.15000062783487,-4.2379266838774405e-07,2.4963077870624802e-06,-0.06995853072781899,-0.07015940360792161,-66.84020388917848
I4,7,N4,6.115629530294369e-05,6.11405671825768e-05,1.6956500194419162e-07,1.6327674060670638e-07,-6.2882613374852466e-09,67.15000066201718,-4.2225675297507134e-07,2.496313069131735e-06,-0.0699636259804847,-0.07015295407280829,-66.83872872964874
I4,8,N4,6.11405671825768e-05,6.112481584863608e-05,1.6955379878391302e-07,1.6328865346790226e-07,-6.2651453160107675e-09,67.15000066117638,-4.207045121124891e-07,2.4963183918886147e-06,-0.06996054046959777,-0.07015624354847198,-66.83721514220429
I4,9,N4,6.112481584863608e-05,6.110904057440255e-05,1.6954224977161462e-07,1.6330094353849822e-07,-6.241306233116392e-09,67.14999953245703,-4.191037106356869e-07,2.496323949825846e-06,-0.06996499195393363,-0.0701506128119929,-66.83566319544441
I4,10,N4,6.110904057440255e-05,6.135053207750959e-05,3.7143514116572835e-07,9.937679452654497e-08,-2.720583466391834e-07,60.000000655701236,-1.6323500976739997e-05,3.5310895176920496e-06,-62.244712901310365,-0.06957383657988529,-66.83407310003649
I4,11,N4,6.135053207750959e-05,6.158700498955038e-05,3.6607637523510637e-07,9.937940236780011e-08,-2.6669697286730626e-07,60.00000058877883,-1.6001818529063907e-05,3.4909183320217987e-06,-68.98816792959907,-0.06970780231964965,-66.83366412235547
I4,12,N4,6.158700498955038e-05,6.189569231616713e-05,4.4323117388716235e-07,9.938172080456586e-08,-3.438494530825965e-07,60.00000057307816,-2.0630967382008403e-05,4.069596710187962e-06,-0.08896575176282004,-0.06961306422741259,-66.83434797102365
I4,13,N4,6.189569231616713e-05,6.220599745999217e-05,4.449604817767748e-07,9.938248362246031e-08,-3.4557799815431447e-07,60.000000562602395,-2.0734680083681876e-05,4.082572240494264e-06,-0.07124623704501969,-0.06942831291029297,-66.83532992323431
I4,14,N4,6.220599745999217e-05,6.251632764850895e-05,4.44984979188089e-07,9.938050387506076e-08,-3.4560447531302823e-07,60.000000549826645,-2.0736268708804244e-05,4.0827411229736235e-06,-0.07136042439551973,-0.06936234957825528,-66.83661158805998
I4,15,N4,6.251632764850895e-05,6.282672164482269e-05,4.450482373803615e-07,9.937620002632913e-08,-3.456720373540324e-07,60.00000054414066,-2.0740322429336155e-05,4.08318328055018e-06,-0.07139971786518194,-0.06934088893979697,-66.83819311858556
I4,16,N4,6.282672164482269e-05,6.313720744983189e-05,4.4513933636439246e-07,9.937007854287007e-08,-3.457692578215224e-07,60.000000568210204,-2.0746155665760963e-05,4.08382061180447e-06,-0.07147624570400532,-0.06927395534389535,-66.8400748216478
I4,17,N4,6.313720744983189e-05,6.344525378195257e-05,4.425217419608662e-07,9.936016117999925e-08,-3.43161580780867e-07,60.000000619970585,-2.0589695059602107e-05,4.064114273556491e-06,-0.09972365076791921,-0.06951264924543395,-66.8422571172076
I4,18,N4,6.344525378195257e-05,6.342959235470312e-05,1.6959714399735477e-07,1.6324247537298921e-07,-6.3546686243655544e-09,67.1500004466499,-4.267160009644591e-07,2.4962971452775797e-06,-0.06987067695590664,-0.07026737618463325,-66.84473786353897
I4,19,N4,6.342959235470312e-05,6.341397486012247e-05,1.69618467897733e-07,1.6322003617882798e-07,-6.39843171890503e-09,67.15000039077154,-4.296546924247978e-07,2.4962887805742075e-06,-0.07010485802409634,-0.06998547614397183,-66.84718061226546
I4,20,N4,6.341397486012247e-05,6.36451274366007e-05,3.6033213410550077e-07,9.932672977765934e-08,-2.6100540432784144e-07,60.000000968415215,-1.5660324512432092e-05,3.4474414791237007e-06,-75.65805196764225,-0.06984259753260562,-66.84958563137711
I4,21,N4,6.36451274366007e-05,6.129683456691486e-05,8.157811639484111e-08,2.2694723874870147e-06,2.1878942710921736e-06,78.50065064088263,0.00017175112381419527,1.7632878779113917e-05,-0.06829632875928164,-0.11950919046513273,-66.85299856561716
I4,22,N4,6.129683456691486e-05,6.128130878831526e-05,1.6966278457249788e-07,1.631730156820582e-07,-6.489768890439686e-09,67.15000069062926,-4.3578798547504917e-07,2.4962685019091706e-06,-0.07009289914679241,-0.06999908379592928,-66.85186812845033
I4,23,N4,6.128130878831526e-05,6.126576411397193e-05,1.6965365145073847e-07,1.6318270060674808e-07,-6.470950843990388e-09,67.15000066670538,-4.345243534881723e-07,2.496272640431149e-06,-0.07009887387505002,-0.06999236210004858,-66.8507000388553
I4,24,N4,6.126576411397193e-05,6.125020002546467e-05,1.696442686880684e-07,1.6319265206333213e-07,-6.4516166247362645e-09,67.15000065313967,-4.332260605648469e-07,2.496276905635504e-06,-0.07010516019711918,-0.06998531014146608,-66.84949423373905
I4,1,N5,5.9009511685531535e-05,5.9118790617523603e-05,2.5217542392485806e-07,1.1864479985429577e-07,-1.3353062407056228e-07,67.15000064069714,-8.966581491890946e-06,2.781151678343654e-06,-0.06993424362835607,-0.0686051393385511,-69.91105602635074
I4,2,N5,5.9118790617523603e-05,5.9227931605517434e-05,2.520632588141831e-07,1.1867564803184646e-07,-1.3338761078233664e-07,67.1500005520498,-8.95697813767051e-06,2.780541801345222e-06,-0.06988679130636324,-0.06865787432079971,-69.90528379206093
I4,3,N5,5.9227931605517434e-05,5.9336938861714334e-05,2.5195455245852755e-07,1.1870558379040686e-07,-1.3324896866812068e-07,67.15000060426759,-8.947668326582336e-06,2.7799510218670083e-06,-0.06985801924217766,-0.0686898583048043,-69.90018774525595
I4,4,N5,5.9336938861714334e-05,5.9445816760243535e-05,2.5184943236315164e-07,1.1873456727230008e-07,-1.3311486509085156e-07,67.15000049607222,-8.938663256885269e-06,2.779379997265888e-06,-0.069839632875684,-0.06871044167883598,-69.89572384121956
I4,5,N5,5.9445816760243535e-05,5.9554569877164216e-05,2.517480638519128e-07,1.1876255431064911e-07,-1.3298550954126368e-07,67.1499956452067,-8.92997638657145e-06,2.778829636219214e-06,-0.06982820242801333,-0.06872338526031058,-69.89186092686977
I4,6,N5,5.9554569877164216e-05,5.9663202363211e-05,2.5165008866034414e-07,1.1878962913518153e-07,-1.328604595251626e-07,67.15000065168259,-8.921579943697518e-06,2.7782978834664426e-06,-0.06982091463617973,-0.06873152543254317,-69.888576663233
I4,7,N5,5.9663202363211e-05,5.977171872087793e-05,2.515557975942727e-07,1.1881571727290178e-07,-1.3274008032137095e-07,67.15000069841547,-8.913496486287784e-06,2.7777863615038087e-06,-0.0698199965711818,-0.06873289957442003,-69.88585530841519
I4,8,N5,5.977171872087793e-05,5.988012366108903e-05,2.514653626833498e-07,1.1884077434784959e-07,-1.326245883355002e-07,67.15000071598986,-8.905741201686699e-06,2.7772960277339953e-06,-0.06981546204885297,-0.06873733915370805,-69.88368651922005
I4,9,N5,5.988012366108903e-05,5.9988421211471886e-05,2.513782102592204e-07,1.1886493733690628e-07,-1.325132729223141e-07,67.14999958751503,-8.89826622207366e-06,2.7768236069709497e-06,-0.06982547212982494,-0.06872692770583916,-69.88206472617598
I4,10,N5,5.9988421211471886e-05,6.013580171572461e-05,2.485837738712005e-07,7.983509797291513e-08,-1.6874867589828536e-07,60.00000069487151,-1.0124920671155768e-05,2.463141538830867e-06,-377.44335238361106,-0.06819252216146048,-69.88098885852727
I4,11,N5,6.013580171572461e-05,6.13461388627002e-05,1.3842323839822252e-06,7.984488510813332e-08,-1.304387498874092e-06,60.0000013986203,-7.826325175678836e-05,1.0980579518177688e-05,-18.151734755911804,-0.06839381741631705,-69.88048129063861
I4,12,N5,6.13461388627002e-05,6.324649610312437e-05,2.121453504277084e-06,7.986255224611234e-08,-2.041590952030972e-06,60.003099655219174,-0.0001225017853499082,1.650987042392397e-05,-0.09085961892555888,-0.06822000448629087,-69.8826937445156
I4,13,N5,6.324649610312437e-05,6.519477074584342e-05,2.172631426282903e-06,7.98486364557194e-08,-2.092782789827184e-06,60.00005300010963,-0.00012556707830734833,1.6893600470539667e-05,-0.07270676863108827,-0.06798837006363408,-69.88628509553304
I4,14,N5,6.519477074584342e-05,6.637505035611578e-05,1.3547258099078561e-06,8.212814794210656e-08,-1.2725976619657495e-06,60.58685845664188,-7.710269441777225e-05,1.077640468387472e-05,-0.07230113222081481,-0.0679327547019372,-69.89129273163628
I4,15,N5,6.637505035611578e-05,6.833690314082994e-05,2.1871054415749727e-06,7.982012244962243e-08,-2.1072853191253502e-06,60.00002478050569,-0.00012643717136711686,1.7001941730184464e-05,-0.07295665447820529,-0.06785161432735072,-69.89753412116377
I4,16,N5,6.833690314082994e-05,7.031169123005529e-05,2.2008958254477877e-06,7.979437757658328e-08,-2.1211014478712045e-06,60.000010428982996,-0.0001272661089932032,1.7105176522682783e-05,-0.07290667599388252,-0.06778751427888725,-69.90528385190868
I4,17,N5,7.031169123005529e-05,7.22336973925745e-05,2.144463958840085e-06,7.975852836597659e-08,-2.0647054304741084e-06,60.0000006547588,-0.00012388232718033056,1.668166865404546e-05,-0.10358134685623069,-0.06799820031131139,-69.91462179960448
I4,18,N5,7.22336973925745e-05,7.23430020520091e-05,2.521963504907138e-07,1.1863905264874307e-07,-1.3355729784197074e-07,67.15000054942975,-8.968372623468688e-06,2.7812655235459266e-06,-0.06991076462301708,-0.06863072678400227,-69.92564848903287
I4,19,N5,7.23430020520091e-05,7.245270649537997e-05,2.525216305613854e-07,1.1854983145316438e-07,-1.3397179910822102e-07,67.15000117020281,-8.996206466891218e-06,2.783035965109123e-06,-0.07022843748881309,-0.06828035018011842,-69.93766060902854
I4,20,N5,7.245270649537997e-05,6.011871648438742e-05,6.988341838187097e-08,1.1605839233599711e-05,1.153595581521784e-05,85.62282365906667,0.000987741110505182,8.756791988986187e-05,-0.06871950776462687,-3.5707053001476283,-69.95092030832673
I4,21,N5,6.011871648438742e-05,5.868038239972166e-05,8.177315949923327e-08,1.4179218411917961e-06,1.3361486816925628e-06,82.18311361155102,0.00010980885890946401,1.1247712505182722e-05,-0.06844000145525743,-0.17408036510184904,-69.95140043544026
I4,22,N5,5.868038239972166e-05,5.879024360083109e-05,2.526492258052997e-07,1.1851489189269174e-07,-1.3413433391260795e-07,67.15000075692436,-9.007120623761168e-06,2.783730882734936e-06,-0.07043335735373005,-0.06805889812004724,-69.94096794726674
I4,23,N5,5.879024360083109e-05,5.889995164794214e-05,2.5252450804848584e-07,1.1854897930730586e-07,-1.3397552874118e-07,67.1500007031192,-8.996456849171005e-06,2.7830511551684376e-06,-0.07027408898991735,-0.06823799636909965,-69.93207111064733
I4,24,N5,5.889995164794214e-05,5.9009511685531535e-05,2.5240403175158787e-07,1.1858196741775871e-07,-1.3382206433382917e-07,67.15000068084792,-8.986151711129104e-06,2.7823949937700992e-06,-0.07017689008967405,-0.06834668085747451,-69.92434156609168
I4,1,N6,6.1921807692133e-05,6.185676589393001e-05,1.4924020032817046e-07,1.9162786566471526e-07,4.2387665336544796e-08,67.15000062397753,2.846331753797934e-06,2.5565104949466433e-06,-0.06966313207733217,-0.07017286905963853,-66.38954367258025
I4,2,N6,6.185676589393001e-05,6.179172135890012e-05,1.4923868730158161e-07,1.91629101778143e-07,4.2390414476561373e-08,67.15000053823368,2.8465163549170453e-06,2.556508418097934e-06,-0.06964712719180693,-0.07027144212771903,-66.38944405340145
I4,3,N6,6.179172135890012e-05,6.1726669433279e-05,1.4923613491514044e-07,1.9163378323597405e-07,4.239764832083361e-08,67.15000059053462,2.8470021097812557e-06,2.5565243861333587e-06,-0.06965090063454239,-0.07026656026961674,-66.38913745514765
I4,4,N6,6.1726669433279e-05,6.166160773092498e-05,1.4923275931173067e-07,1.9163997690533667e-07,4.2407217593605993e-08,67.15000048392423,2.8476446819325225e-06,2.556545521628005e-06,-0.069656346987934,-0.07025949328713867,-66.38862384323632
I4,5,N6,6.166160773092498e-05,6.159653404808554e-05,1.4922862589076418e-07,1.9164756936611977e-07,4.241894347535559e-08,67.14999563228523,2.8484318690962814e-06,2.55657146442663e-06,-0.06966198702963958,-0.07025219888366499,-66.38790316796498
I4,6,N6,6.159653404808554e-05,6.153144585369781e-05,1.4922360837169827e-07,1.916567563469246e-07,4.2433147975226326e-08,67.15000063267716,2.8493859133829315e-06,2.5566027353896717e-06,-0.06966645124591986,-0.0702464381871858,-66.38697537047375
I4,7,N6,6.153144585369781e-05,6.146634091950939e-05,1.4921782579957288e-07,1.916673587120626e-07,4.244953291248973e-08,67.15000066334862,2.8504861632325245e-06,2.5566388838372657e-06,-0.06967173779425447,-0.07023962138579666,-66.38584039277126
I4,8,N6,6.146634091950939e-05,6.140121721864047e-05,1.492113392826333e-07,1.9167924151348228e-07,4.246790223084898e-08,67.15000066095516,2.851719662870888e-06,2.556679355970867e-06,-0.06966891747934678,-0.07024268879758049,-66.38449819725172
I4,9,N6,6.140121721864047e-05,6.133607219589561e-05,1.49203974858745e-07,1.9169274684703594e-07,4.248877198829093e-08,67.14999952964602,2.853121019028973e-06,2.556725412793357e-06,-0.06967333644030557,-0.07023696695498652,-66.38294880150085
I4,10,N6,6.133607219589561e-05,6.149240800509507e-05,2.926302843088182e-07,1.1004190415113262e-07,-1.825883801576856e-07,60.00000064728442,-1.0955302927647752e-05,3.0200414134496314e-06,-58.48643822847772,-0.06956082394719047,-66.38119234049205
I4,11,N6,6.149240800509507e-05,6.164425182745168e-05,2.8783477052118726e-07,1.1004507338873868e-07,-1.7778969713244858e-07,59.99999969826555,-1.0667381774301637e-05,2.9840988293244448e-06,-68.7244521049297,-0.06968605667080832,-66.38051212997887
I4,12,N6,6.164425182745168e-05,6.183830286830242e-05,3.3290588832828376e-07,1.1002574290455579e-07,-2.2288014542372796e-07,59.99664620000472,-1.3372061229993006e-05,3.3219872342462966e-06,-0.08871990767780487,-0.06958910903046538,-66.38077271414416
I4,13,N6,6.183830286830242e-05,6.203307582193785e-05,3.3370529337635703e-07,1.1005038810310153e-07,-2.236549052732555e-07,59.9999437217527,-1.3419281729489262e-05,3.3281676110959393e-06,-0.07085213918199877,-0.06944480950895796,-66.3811391969663
I4,14,N6,6.203307582193785e-05,6.226922156324102e-05,3.731496808862207e-07,1.0588252896592103e-07,-2.672671519202997e-07,59.36481307414767,-1.586626451460842e-05,3.5927415738910633e-06,-0.07112557113368358,-0.06934308857304682,-66.38161250467422
I4,15,N6,6.226922156324102e-05,6.246400396749646e-05,3.3371342772716183e-07,1.100486687949573e-07,-2.2366475893220453e-07,59.99997423709495,-1.3419879773678325e-05,3.3282157239158935e-06,-0.07099890205713194,-0.06935927172154474,-66.38225030660408
I4,16,N6,6.246400396749646e-05,6.265880659662273e-05,3.337316649811492e-07,1.100457159011444e-07,-2.2368594908000479e-07,59.99998986642961,-1.3421154678062977e-05,3.328330356617202e-06,-0.0711407742847236,-0.06925582530272682,-66.38299484772995
I4,17,N6,6.265880659662273e-05,6.285218948311973e-05,3.322070705620407e-07,1.1003890392992133e-07,-2.2216816663211938e-07,60.00000060843716,-1.3330090133102531e-05,3.3168448086897153e-06,-0.09934140447750989,-0.06948716246163468,-66.38384618171133
I4,18,N6,6.285218948311973e-05,6.2787070452721e-05,1.4921290063878596e-07,1.9167623785124494e-07,4.246333721245898e-08,67.15000045281207,2.851413113044532e-06,2.5566685386752314e-06,-0.06958308225461526,-0.07034876376411908,-66.38480215368698
I4,19,N6,6.2787070452721e-05,6.272197150734683e-05,1.492199626204517e-07,1.916636252421511e-07,4.244366262169942e-08,67.15000049519544,2.850091966065024e-06,2.556626908969521e-06,-0.06981057855010521,-0.07007113313964387,-66.38555110040775
I4,20,N6,6.272197150734683e-05,6.273828204963421e-05,1.8254627963917935e-07,1.4466139782577172e-07,-3.7884881813407635e-08,63.95652944044482,-2.422985559046978e-06,2.454057580987133e-06,-60.920962213908155,-0.07014839919854157,-66.38609326189501
I4,21,N6,6.273828204963421e-05,6.211692926060649e-05,9.252366993304129e-08,6.626458276636101e-07,5.701221577305688e-07,74.51492639221246,4.248261061786268e-05,5.663771231974885e-06,-0.0686684585709532,-0.07309772365299834,-66.38755266827
I4,22,N6,6.211692926060649e-05,6.205188770863119e-05,1.4923981732860493e-07,1.9162729965120631e-07,4.238748232260139e-08,67.15000069097789,2.846319467251496e-06,2.556503377348584e-06,-0.06979481307385067,-0.07008819182137184,-66.38833390605087
I4,23,N6,6.205188770863119e-05,6.198684796347031e-05,1.4924044138466158e-07,1.9162615520592168e-07,4.23857138212601e-08,67.15000066894584,2.8462007114513628e-06,2.5564994744293746e-06,-0.06980165049387506,-0.0700804780660085,-66.388908290667
I4,24,N6,6.198684796347031e-05,6.1921807692133e-05,1.49240258639536e-07,1.9162648760479253e-07,4.238622896525654e-08,67.15000065692585,2.846235302861586e-06,2.556500596832464e-06,-0.06980880438742844,-0.0700723772309361,-66.38927577453623
I4,1,N7,0.0007622826703594691,0.0007624313998719664,2.8652109303427905e-07,1.1180915982551168e-07,-1.7471193320876737e-07,67.15000063944225,-1.1731906426686921e-05,2.9874768964484305e-06,-0.0018411385989397636,-0.0018407398337450464,-72.11893635377436
I4,2,N7,0.0007624313998719664,0.0007625800644512378,2.8646421671146964e-07,1.1182010820601232e-07,-1.7464410850545734e-07,67.15000055137725,-1.1727351982436248e-05,2.9871324368811147e-06,-0.0018411335500512457,-0.0018407459832862447,-72.11747647654012
I4,3,N7,0.0007625800644512378,0.0007627286643053562,2.864075362800717e-07,1.1183103344995878e-07,-1.7457650283011292e-07,67.1500006042669,-1.1722812270532886e-05,2.986789272975229e-06,-0.001841134546110424,-0.0018407451304831776,-72.11601725647948
I4,4,N7,0.0007627286643053562,0.0007628771995114674,2.863509295622824e-07,1.1184195106575506e-07,-1.7450897849652732e-07,67.15000049617707,-1.1718277992629162e-05,2.986446604710281e-06,-0.0018411375539926582,-0.0018407420852174037,-72.11455869398137
I4,5,N7,0.0007628771995114674,0.0007630256703318221,2.8629456231832703e-07,1.1185283301685629e-07,-1.7444172930147074e-07,67.14999564474508,-1.171376136285556e-05,2.986105465013875e-06,-0.0018411411843049148,-0.0018407383702347183,-72.11310078943316
I4,6,N7,0.0007630256703318221,0.0007631740765045303,2.8623796626799935e-07,1.1186375964065536e-07,-1.74374206627344e-07,67.15000065004189,-1.1709228088376688e-05,2.9857629443149104e-06,-0.0018411438423798553,-0.0018407353658505962,-72.11164354322369
I4,7,N7,0.0007631740765045303,0.0007633224182480451,2.861815686348006e-07,1.1187465562472673e-07,-1.7430691301007387e-07,67.15000069396443,-1.1704709329589257e-05,2.9854216819464547e-06,-0.0018411476952242512,-0.0018407313588996873,-72.1101869557419
I4,8,N7,0.0007633224182480451,0.0007634706956443058,2.861252489438004e-07,1.1188554319879611e-07,-1.7423970574500427e-07,67.15000070709944,-1.1700196363981836e-05,2.9850809410694734e-06,-0.001841145518748805,-0.0018407333934067126,-72.10873102738148
I4,9,N7,0.0007634706956443058,0.0007636189087384399,2.860689747848214e-07,1.1189642842339194e-07,-1.7417254636142946e-07,67.14999957989862,-1.1695686414999861e-05,2.9847405240615996e-06,-0.0018411495943870088,-0.0018407290547975265,-72.10727575854192
I4,10,N7,0.0007636189087384399,0.000926106214631105,0.00017368473756154945,7.638552318878309e-08,-0.00017360835203836066,60.00000069024369,-0.010416501242133709,0.0013032084231355367,-0.0033976017840603814,-0.0018403814400090993,-72.10582114963005
I4,11,N7,0.000926106214631105,0.0011312342501057985,0.00021924107633539204,7.638880881835252e-08,-0.0002191646875265737,60.000002892924115,-0.013149881885621231,0.0016448809885815777,-0.002337172748613084,-0.0018406152318463861,-72.10500249204118
I4,12,N7,0.0011312342501057985,0.0012232902880580081,9.84376971365988e-05,7.64211873175048e-08,-9.836127594928129e-05,60.0089696456607,-0.005902558822748876,0.0007388558874293722,-0.002029657637954927,-0.0018403717380080437,-72.10484275066173
I4,13,N7,0.0012232902880580081,0.0013790023652741103,0.00016644625037849373,7.638989732515436e-08,-0.00016636986048116858,60.000152290330675,-0.009982216965391182,0.0012489198020686416,-0.002152924145485666,-0.0018401666452461246,-72.10496187751791
I4,14,N7,0.0013790023652741103,0.0013800647225710055,1.2295201102104275e-06,8.281122058113897e-08,-1.1467088896292884e-06,61.69843634305182,-7.075014543080428e-05,9.84248498093675e-06,-0.0018435547505478468,-0.001840185848036738,-72.10556827725435
I4,15,N7,0.0013800647225710055,0.0015514278506601514,0.00018316745317490733,7.638516528303791e-08,-0.0001830910680096243,60.00007065582567,-0.010985477017028041,0.0013743287875514277,-0.0021902876692455834,-0.0018401058220304251,-72.10617816510944
I4,16,N7,0.0015514278506601514,0.00174209743742549,0.00020379400586440372,7.6380149423602e-08,-0.00020371762571498012,60.000029072352106,-0.012223063465449352,0.001529027895103705,-0.0022378605508546006,-0.0018401293614279395,-72.10740809099295
I4,17,N7,0.00174209743742549,0.0019636709239551297,0.0002368109826230968,7.637124042219366e-08,-0.0002367346113826746,60.000000653092805,-0.014204076837570148,0.0017766551539763924,-0.0036682548603483895,-0.0018403443663161387,-72.10957859666424
I4,18,N7,0.0019636709239551297,0.001963819425789585,2.8632172600194675e-07,1.1184760181305753e-07,-1.7447412418888923e-07,67.15000052735475,-1.171593753129367e-05,2.986269958612532e-06,-0.0018410512654603605,-0.0018408420477024417,-72.11374314688338
I4,19,N7,0.001963819425789585,0.001963968109333604,2.864808298199739e-07,1.1181691187976796e-07,-1.7466391794020593e-07,67.15000097313956,-1.1728682259657195e-05,2.987233062748064e-06,-0.0018412213982476678,-0.0018406549864349014,-72.1179096914315
I4,20,N7,0.001963968109333604,0.001963688885392715,1.0338819955015071e-07,3.519315967452996e-07,2.485433971951489e-07,78.698898818324,1.9560091667823535e-05,3.4148984722158774e-06,-0.0018400541481568863,-0.0018515798366980497,-72.12207822654841
I4,21,N7,0.001963688885392715,0.0007618359024933294,6.27206828775318e-08,0.0011249893413332115,0.001124926620650334,89.15813103604349,0.10029635504987605,0.00843789046512067,-0.0018384592396380255,-4.590414081563491,-72.12624295317798
I4,22,N7,0.0007618359024933294,0.0007619848899795308,2.8674706359819244e-07,1.11765668345572e-07,-1.7498139525262046e-07,67.15000075174743,-1.1750000822755278e-05,2.988845489578233e-06,-0.0018412222933926472,-0.0018406567966787306,-72.12478045396801
I4,23,N7,0.0007619848899795308,0.0007621338125841994,2.866902180945802e-07,1.1177659534191494e-07,-1.7491362275266525e-07,67.15000070034486,-1.1745449890341329e-05,2.988501100773714e-06,-0.001841228619965161,-0.0018406498953599268,-72.12331860972178
I4,24,N7,0.0007621338125841994,0.0007622826703594691,2.86633424005232e-07,1.1178751858480886e-07,-1.7484590542042314e-07,67.15000067924299,-1.174090266774427e-05,2.9881570694253067e-06,-0.0018412337831222373,-0.001840644475274913,-72.12185742085944
I4,1,N8,153.91633532622467,122.29948151895876,7.348420119463328e-08,29.593375227980093,29.59337515449589,67.15000063310056,1987.1951603599816,221.95031476098222,-4.0645567847290237e-08,-1.4252558975543298e-07,-66.8379931503812
I4,2,N8,122.29948151895876,122.29948176943998,3.099894356540435e-07,3.713009138056714e-08,-2.728593442734763e-07,67.15000054649708,-1.832250511708077e-05,2.60339645275958e-06,-4.06455681334734e-08,-4.064556780329995e-08,-66.83799315691704
I4,3,N8,122.29948176943998,122.29948204033386,3.1707098337094483e-07,2.4227944689241637e-08,-2.928430386817032e-07,67.15000060091955,-1.9664410223451478e-05,2.5597419604513982e-06,-4.064556814204241e-08,-4.0645567787687704e-08,-66.83799316345288
I4,4,N8,122.29948204033386,122.2994823108975,3.1541415907630373e-07,2.3085516071849395e-08,-2.9232864300445436e-07,67.15000049313775,-1.96298685219074e-05,2.5387475636111485e-06,-4.064556814003757e-08,-4.0645567786305333e-08,-66.83799316998872
I4,5,N8,122.2994823108975,122.29948257249049,3.120692725344378e-07,2.8551606135030902e-08,-2.835176663994069e-07,67.1499956404603,-1.9038210062713653e-05,2.554656590021015e-06,-4.064556813599013e-08,-4.064556779291953e-08,-66.83799317652456
I4,6,N8,122.29948257249049,93.03955891909838,8.9025250524033e-08,27.38728861756967,27.38728852854442,67.15000064283244,1839.0564422971952,205.4046652994619,-4.064556786609567e-08,-1.247658764660723e-07,-66.8379931830604
I4,7,N8,93.03955891909838,61.585851897890514,6.9887821499038e-08,29.440669833079006,29.440669763191185,67.15000067843913,1976.9409945719904,220.80502427225122,-4.0645567842938426e-08,-1.5323472869214215e-07,-66.83799317886134
I4,8,N8,61.585851897890514,28.448274390039582,1.3676803664414055e-07,31.01677266717041,31.016772530402374,67.15000067496932,2082.7762963518894,232.62579602953835,-4.064556792386684e-08,-1.6040712362025754e-07,-66.8379931601655
I4,9,N8,28.448274390039582,2.719516020200448e-07,7.494078055387955e-08,26.627584640185667,26.627584565244888,67.14999953303041,1788.042291121922,199.70688536344835,-4.0645567849052753e-08,-1.7930619852946987e-07,-66.83799310726761
I4,10,N8,2.719516020200448e-07,3.539925578424898e-07,1.9390601411852438e-07,9.308994869537426e-08,-1.0081606542315012e-07,60.000000646340276,-6.048963990550491e-06,2.15246972110424e-06,-4.064556799324466e-08,-4.06455678709475e-08,-59.330800449858664
I4,11,N8,3.539925578424898e-07,19.29599560426108,20.615379608320374,5.907970854568443e-08,-20.615379549240664,59.99999716656657,-1236.9227145421344,154.61534750550064,-8.980481760859843e-08,-4.064556782986004e-08,-53.49641996966441
I4,12,N8,19.29599560426108,58.4714050526832,41.854069964631506,3.601069888276592e-08,-41.85406992862081,59.98677293204533,-2510.690589090123,313.9055250048165,-1.7508377806830893,-4.064556780195198e-08,-53.496419870806974
I4,13,N8,58.4714050526832,97.64681402093234,41.854069500128624,7.850349844953222e-08,-41.85406942162513,59.9997766963388,-2511.2348191305696,313.9055218397409,-1.265331725881488,-4.064556785337049e-08,-53.49641984835451
I4,14,N8,97.64681402093234,136.8222240189462,41.85407059024953,6.969425443507663e-08,-41.854070520555275,57.495152855370556,-2406.4061821987843,313.90552994957835,-3.5310747285351995,-4.064556784258599e-08,-53.49641984517072
I4,15,N8,136.8222240189462,175.99763334035322,41.854069882178635,8.266023267567479e-08,-41.8540697995184,59.99989705520663,-2511.2398793125367,313.9055247362915,-1.6391509713215993,-4.064556785840033e-08,-53.49641985784574
I4,16,N8,175.99763334035322,212.07631568358136,38.545600867256795,6.413865716246579e-08,-38.545600803118134,59.99995848987272,-2312.7344481542927,289.0920069854659,-6.306954023897883e-07,-4.064556783598165e-08,-53.496419904554486
I4,17,N8,212.07631568358136,212.0763164956366,9.35640156941491e-07,5.962690526525487e-08,-8.760132516762361e-07,60.000000601641226,-5.2560795627619856e-05,7.4645029665505945e-06,-4.0645568891280155e-08,-4.064556783052241e-08,-55.61575769462216
I4,18,N8,212.0763164956366,177.8232968759433,1.9268030552981363e-07,32.06082653283937,32.06082634015907,67.1500004854437,2152.8845043054075,240.45620044139756,-4.0645567991523463e-08,-2.3227332735329196e-07,-66.83799292317792
I4,19,N8,177.8232968759433,177.82332902798294,3.435666260095269e-05,5.4255772311094226e-09,-3.435123702372158e-05,67.15000083278461,-0.002306685594750086,0.0002577156613363785,-4.0645609331469526e-08,-4.0645567764935863e-08,-66.8379929711151
I4,20,N8,177.82332902798294,153.91625540581677,3.797374814899012e-08,22.37702094361616,22.37702090564241,75.6024851839319,1691.758391479365,167.8276573619243,-4.064556780432079e-08,-9.883206890175782e-08,-66.8379930190523
I4,21,N8,153.91625540581677,153.91626165835274,6.692032838491622e-06,1.0489523461145236e-08,-6.681543315030476e-06,92.27739346449792,-0.000616555401431153,5.026891771464575e-05,-4.064557585607694e-08,-4.064556777106351e-08,-66.83799304094043
I4,22,N8,153.91626165835274,153.91627062621552,9.589820377868981e-06,7.68371492973925e-09,-9.582136662939241e-06,67.15000073456545,-0.0006434404839550766,7.19812806959904e-05,-4.0645579362517244e-08,-4.064556776766833e-08,-66.83799306282855
I4,23,N8,153.91627062621552,153.91632482549568,5.791325448963318e-05,7.044401394031672e-09,-5.7906210088239154e-05,67.15000068981672,-0.0038884020473699313,0.0004344022416827041,-4.06456378357187e-08,-4.0645567766894726e-08,-66.83799308471667
I4,24,N8,153.91632482549568,153.91633532622467,1.1226843437362528e-05,7.110280373945504e-09,-1.1219733156988582e-05,67.15000067186075,-0.0007534050890298816,8.425465288302356e-05,-4.064558134338935e-08,-4.064556776697444e-08,-66.83799310660486
I4,1,N9,76.06630889962523,76.06618431645047,6.766519094872889e-08,0.00011666913276471184,0.0001166014675737631,67.15000062516464,0.007829788620473307,0.0008755259846674543,-3.4381080859473195e-08,-3.438118920887243e-08,-67.26210750978406
I4,2,N9,76.06618431645047,68.700083763338,6.755450563110012e-08,6.894670176897517,6.894670109343011,67.15000054043566,462.9771015685087,51.710026833390174,-3.438108085937034e-08,-4.122485959990178e-08,-67.26210755359847
I4,3,N9,68.700083763338,60.30166048174548,6.759397693019439e-08,7.860924250789411,7.860924183195435,67.15000059289964,527.8610635623126,58.95693238787541,-3.4381080859407034e-08,-4.13399233739401e-08,-67.26210758139534
I4,4,N9,60.30166048174548,55.48467975868978,6.764312173376563e-08,4.508694016042005,4.508693948398884,67.15000048697351,302.75880083059957,33.81520562763845,-3.4381080859452675e-08,-3.955560697989605e-08,-67.26210759662732
I4,5,N9,55.48467975868978,46.7920412427515,6.761795276446659e-08,8.136309710158049,8.136309642540096,67.1499956350226,546.3531569817599,61.02232333332,-3.438108085942931e-08,-4.6124158033534426e-08,-67.26210760342785
I4,6,N9,46.7920412427515,38.22184223789008,6.767766667554849e-08,8.021706327842423,8.021706260164757,67.15000063338051,538.6575804508559,60.162797966400674,-3.4381080859484796e-08,-4.2555154835727985e-08,-67.26210759410489
I4,7,N9,38.22184223789008,27.7427650369226,6.763720533160398e-08,9.808416319362243,9.808416251725037,67.15000066124274,658.6351577890803,73.56312290249586,-3.438108085944719e-08,-4.481605349099139e-08,-67.26210757146546
I4,8,N9,27.7427650369226,13.857117894751541,6.767544083494743e-08,12.996965784362292,12.996965716686852,67.15000066002678,872.7462564538674,97.47724389028299,-3.4381080859482725e-08,-4.792551540397842e-08,-67.2621075270226
I4,9,N9,13.857117894751541,8.13031150130841e-07,6.796118004040587e-08,12.970261648030805,12.970261580069625,67.14999953003124,870.9530590060575,97.27696286993988,-3.4381080859748236e-08,-5.761095412342568e-08,-67.26210742993203
I4,10,N9,8.13031150130841e-07,3.591589278401861e-07,7.826533816677718e-08,4.933923497706138e-07,4.1512701160383665e-07,60.00000064675099,2.4907620964714006e-05,4.287432659530433e-06,-3.438108086933629e-08,-3.438108125474883e-08,-64.68922084857594
I4,11,N9,3.591589278401861e-07,1.198423419726785e-06,9.981342757494623e-07,8.89098820411445e-08,-9.092243937083178e-07,59.99999810976566,-5.45534619038519e-05,8.152831183429551e-06,-3.438108172460768e-08,-3.438108087920695e-08,-58.94583026523945
I4,12,N9,1.198423419726785e-06,3.17136885817186,3.388213409456882,8.564699660979119e-08,-3.3882133238098855,59.990448063832204,-203.26043543120122,25.41160121327909,-3.776294773275538e-08,-3.43810808761816e-08,-57.19044298364927
I4,13,N9,3.17136885817186,36.46520946354101,35.57034263211279,9.199796073914775e-08,-35.57034254011483,59.999838873962695,-2134.2148210985506,266.7775704308306,-1.6464892806301802e-07,-3.4381080882083046e-08,-57.190442334490754
I4,14,N9,36.46520946354101,81.17020508795225,47.76174750217336,3.5215145261565684e-08,-47.76174746695821,58.19109728694522,-2779.308493444275,358.21310653041377,-1.8097567037914606,-3.4381080829250464e-08,-57.190442306700106
I4,15,N9,81.17020508795225,106.5425398926189,27.10719542531813,1.0617153724864225e-07,-27.107195319146594,59.99992578916723,-1626.4297075012569,203.30396648617253,-9.238864024179061e-08,-3.438108089525333e-08,-57.19044236429303
I4,16,N9,106.5425398926189,106.54254003849452,3.202067177760865e-07,1.4399225313116427e-07,-1.7621446464492224e-07,59.99997017004563,-1.0572862622225895e-05,3.4814922818043805e-06,-3.438108109431531e-08,-3.438108093035274e-08,-59.572409824281685
I4,17,N9,106.54254003849452,106.54254034696028,4.2631290168077176e-07,8.476708016330166e-08,-3.4154582151747013e-07,60.00000060431523,-2.049274949744955e-05,3.83309986383055e-06,-3.438108119315534e-08,-3.438108087534056e-08,-62.41721863713027
I4,18,N9,106.54254034696028,76.06691781002385,9.322944844551726e-08,28.525182776250446,28.525182683020997,67.15000046932228,1915.4660305523637,213.9388715210992,-3.4381080883227884e-08,-9.612933422867938e-08,-67.26210715926103
I4,19,N9,76.06691781002385,76.06691953245961,1.9521427964182896e-06,9.806462587761081e-08,-1.8540781705406787e-06,67.15000068743981,-0.00012450135042637372,1.537655566721925e-05,-3.438108261055741e-08,-3.4381080887720805e-08,-67.26210720307746
I4,20,N9,76.06691953245961,76.06693847908524,2.0341435054139172e-05,8.700828206756161e-08,-2.025442677207161e-05,71.2675059609097,-0.0014434824807134225,0.0001532133250215505,-3.4381099698131494e-08,-3.4381080877447115e-08,-67.2621072468939
I4,21,N9,76.06693847908524,76.06630232181661,1.9523598067790765e-07,0.0005956142489139833,0.0005954190129333054,67.15000114603289,0.03998238740084123,0.0044685711367099595,-3.4381080978013914e-08,-3.438163429549711e-08,-67.26210729071039
I4,22,N9,76.06630232181661,76.0663042243686,2.130771501674566e-06,8.597172269847051e-08,-2.0447997789760955e-06,67.1500006870253,-0.000137308306563074,1.662557418279777e-05,-3.4381082776541656e-08,-3.4381080876483893e-08,-67.26210733452511
I4,23,N9,76.0663042243686,76.06630648843704,2.5115360064333344e-06,8.117858312645932e-08,-2.4303574233068753e-06,67.15000066704653,-0.00016319850259621815,1.9445359421698453e-05,-3.4381083130353347e-08,-3.4381080872030035e-08,-67.26210737833983
I4,24,N9,76.06630648843704,76.06630889962523,2.664999431497222e-06,7.79231979028235e-08,-2.5870762335943984e-06,67.15000065653297,-0.0001737221707843647,2.057191972050034e-05,-3.438108327295361e-08,-3.438108086900509e-08,-67.26210742215459
I1,1,N2,1.4054128221436804,1.405412999484644,3.1349590033162234e-07,1.0866136232056339e-07,-2.0483453801105895e-07,67.15000063944225,-1.3754639358422468e-05,3.166179469891393e-06,-1.002623614180233e-06,-1.0026235150925648e-06,-72.60700174639216
I1,2,N2,1.405412999484644,1.405413176812498,3.13483312888669e-07,1.0866260540385674e-07,-2.0482070748481225e-07,67.15000055137725,-1.375371062053862e-05,3.1660943871939427e-06,-1.0026236141741646e-06,-1.0026235150931478e-06,-72.6070010003012
I1,3,N2,1.405413176812498,1.4054133541277276,3.13471318762273e-07,1.0866391341148615e-07,-2.0480740535078684e-07,67.1500006042669,-1.3752817393063674e-05,3.1660142413031935e-06,-1.0026236141683764e-06,-1.0026235150937634e-06,-72.60700025421048
I1,4,N2,1.4054133541277276,1.4054135314307312,3.134597460571994e-07,1.0866521826874193e-07,-2.0479452778845745e-07,67.15000049617707,-1.3751952642609267e-05,3.16593723244456e-06,-1.0026236141627968e-06,-1.0026235150943785e-06,-72.60699950811998
I1,5,N2,1.4054135314307312,1.4054137087245793,3.134510891316193e-07,1.0866620364425447e-07,-2.0478488548736483e-07,67.14999564474508,-1.3751304168586168e-05,3.1658796958190535e-06,-1.0026236141586474e-06,-1.00262351509483e-06,-72.60699876202975
I1,6,N2,1.4054137087245793,1.405413886009002,3.134422769078378e-07,1.0866730542106238e-07,-2.0477497148677544e-07,67.15000065004189,-1.375063946844928e-05,3.1658218674667516e-06,-1.0026236141543794e-06,-1.0026235150953488e-06,-72.60699801593972
I1,7,N2,1.405413886009002,1.405414063284128,3.1343352681830275e-07,1.0866834102438773e-07,-2.0476518579391504e-07,67.15000069396443,-1.374998236816115e-05,3.1657640088201787e-06,-1.0026236141501642e-06,-1.0026235150958312e-06,-72.60699726984996
I1,8,N2,1.405414063284128,1.4054142405500516,3.1342488353893794e-07,1.0866938234899244e-07,-2.047555011899455e-07,67.15000070709944,-1.374933204968734e-05,3.1657069941594774e-06,-1.0026236141459944e-06,-1.002623515096318e-06,-72.60699652376042
I1,9,N2,1.4054142405500516,1.405414417806201,3.13415710491273e-07,1.0867049447269183e-07,-2.0474521601858114e-07,67.14999957989862,-1.3748641169633975e-05,3.165646537229736e-06,-1.0026236141415697e-06,-1.0026235150968406e-06,-72.60699577767112
I1,10,N2,1.405414417806201,1.6959432920755224,0.31039418167109784,7.46692373474945e-08,-0.3103941070018605,60.000000690253216,-18.62364663436216,2.327956922552514,-1.1789158484714007e-06,-1.002623498648888e-06,-72.60699503158204
I1,11,N2,1.6959432920755224,1.6959762383568988,3.5284259477348126e-05,7.467922275205696e-08,-3.520958025459607e-05,60.000002892924115,-0.002112574917134408,0.0002651920402507514,-1.0026405313979392e-06,-1.0026234986536539e-06,-72.60699463277405
I1,12,N2,1.6959762383568988,1.696007052627318,3.300648723313028e-05,7.469432658397123e-08,-3.293179290654631e-05,60.0089696456607,-0.001976202960906122,0.0002481088616978569,-1.0026394294919319e-06,-1.0026234986591643e-06,-72.6069942340016
I1,13,N2,1.696007052627318,1.6960382688445947,3.343587522605319e-05,7.465717105916867e-08,-3.3361218054994025e-05,60.000152290330675,-0.0020016781638905706,0.0002513289929783427,-1.0026396372130557e-06,-1.0026234986411491e-06,-72.60699383526237
I1,14,N2,1.6960382688445947,1.6960393518549588,1.2492627220387578e-06,8.077637289914299e-08,-1.1684863491396148e-06,61.69843634305182,-7.209378063011554e-05,9.975293212034256e-06,-1.0026240668053092e-06,-1.0026235016351482e-06,-72.60699343655682
I1,15,N2,1.6960393518549588,1.696070697531956,3.357419826464234e-05,7.466713360566828e-08,-3.349953113103667e-05,60.00007065582567,-0.002009974234799232,0.0002523664904868601,-1.0026397041310692e-06,-1.0026234986459556e-06,-72.60699303785243
I1,16,N2,1.696070697531956,1.6961028650832775,3.445226243374595e-05,7.46612721112023e-08,-3.4377601161634754e-05,60.000029072352106,-0.0020626570691358107,0.00025895192779392865,-1.0026401289094741e-06,-1.002623498644911e-06,-72.60699263918185
I1,17,N2,1.6961028650832775,3.641839853369967,2.0787789188987364,7.469516554524201e-08,-2.078778844203571,60.00000065314952,-124.72673200996765,15.590842451954266,-0.17107391716963197,-1.002623498661364e-06,-72.60699224054598
I1,18,N2,3.641839853369967,3.641840030504628,3.133015527457048e-07,1.0868419438007891e-07,-2.0461735836562586e-07,67.15000052735475,-1.3740055722157712e-05,3.1648931034433773e-06,-1.002623614086343e-06,-1.002623515103464e-06,-72.60699554962072
I1,19,N2,3.641840030504628,3.641840207718287,3.13374679874304e-07,1.0867431838478849e-07,-2.0470036148951552e-07,67.15000097313956,-1.3745629473222986e-05,3.1653674869431934e-06,-1.0026236141216583e-06,-1.002623515098755e-06,-72.60699885869676
I1,20,N2,3.641840207718287,3.641839962933463,1.0703371533403046e-07,3.22890405483833e-07,2.1585669014980253e-07,78.698898818324,1.6987683817357622e-05,3.2244309061339757e-06,-1.002623514305139e-06,-1.0026236187247998e-06,-72.60700216777407
I1,21,N2,3.641839962933463,1.405412290711252,6.427927163719339e-08,2.093296357514802,2.09329629323553,89.15813103598545,186.634385209436,15.699723163455552,-1.0026234936228364e-06,-4.139727374916434,-72.60700547684958
I1,22,N2,1.405412290711252,1.4054124678643858,3.1331777323604296e-07,1.0868111477052718e-07,-2.0463665846551577e-07,67.15000075174743,-1.3741351769794465e-05,3.164991660049276e-06,-1.0026236140940031e-06,-1.0026235151021886e-06,-72.60700473075767
I1,23,N2,1.4054124678643858,1.4054126450094955,3.1331086922999657e-07,1.0868257644354992e-07,-2.0462829278644664e-07,67.15000070034486,-1.3740790003920265e-05,3.164950842551599e-06,-1.002623614090675e-06,-1.0026235151028813e-06,-72.607003984666
I1,24,N2,1.4054126450094955,1.4054128221436804,3.1330084963780405e-07,1.086840241023578e-07,-2.0461682553544625e-07,67.15000067924299,-1.3740019973689761e-05,3.164886553051214e-06,-1.0026236140858454e-06,-1.0026235151035614e-06,-72.60700323857456
I1,1,N5,5.826981849666736e-05,5.8406045119998906e-05,2.7480626311411626e-07,1.1324854845089424e-07,-1.6155771466322202e-07,67.15000064069714,-1.0848600643144925e-05,2.910411086737579e-06,-0.06281121515345177,-0.06488822226044075,-71.83125980373751
I1,2,N5,5.8406045119998906e-05,5.8541852705721585e-05,2.7444840074107764e-07,1.1332724585922883e-07,-1.6112115488184881e-07,67.1500005520498,-1.081928563926305e-05,2.9083173495022985e-06,-0.06282423089334833,-0.06458691138539326,-71.82133182094071
I1,3,N5,5.8541852705721585e-05,5.867725104973177e-05,2.7409612515861266e-07,1.134016688734281e-07,-1.6069445628518457e-07,67.15000060426759,-1.0790632836652595e-05,2.9062334552403055e-06,-0.06283411722462795,-0.06475687243638024,-71.81166095845579
I1,4,N5,5.867725104973177e-05,5.8812248171797164e-05,2.7374953515672426e-07,1.1347356649945367e-07,-1.602759686572706e-07,67.15000049607222,-1.0762531374844177e-05,2.9041732624213344e-06,-0.06283651609495472,-0.0651539781022534,-71.80224501303232
I1,5,N5,5.8812248171797164e-05,5.8946851249643157e-05,2.7340882455916476e-07,1.1354389669713942e-07,-1.5986492786202533e-07,67.1499956452067,-1.0734929209756285e-05,2.9021454094222815e-06,-0.06282887910604162,-0.0656406778194935,-71.79308117236208
I1,6,N5,5.8946851249643157e-05,5.9081066039749216e-05,2.730737889101816e-07,1.136138106297775e-07,-1.5945997828040412e-07,67.15000065168259,-1.0707737645446428e-05,2.900156996549693e-06,-0.0628026180285202,-0.06606977701173644,-71.78416596777252
I1,7,N5,5.9081066039749216e-05,5.9214898807327094e-05,2.72745095542463e-07,1.1368341677147583e-07,-1.5906167877098714e-07,67.15000069841547,-1.0680991840562924e-05,2.898213842354541e-06,-0.06275063568650477,-0.06641456549916872,-71.7754951871294
I1,8,N5,5.9214898807327094e-05,5.9348372417843575e-05,2.7244050595367906e-07,1.1375273806056467e-07,-1.586877678931144e-07,67.15000071598986,-1.0655883727641466e-05,2.8964493301068277e-06,-0.06219363192716051,-0.06667632846595976,-71.76706372160918
I1,9,N5,5.9348372417843575e-05,5.9481472987731984e-05,2.7212070991780446e-07,1.1382173206059722e-07,-1.5829897785720725e-07,67.14999958751503,-1.0629776297815518e-05,2.8945683148380127e-06,-0.06217808102116358,-0.06686089794737253,-71.75886530352989
I1,10,N5,5.9481472987731984e-05,6.447037510346258e-05,5.418344596034962e-06,7.73776468840139e-08,-5.340966949150948e-06,60.00000069487151,-0.0003204580206603426,4.121791682189232e-05,-0.07956018837682988,-0.06663751154340013,-71.75089199712725
I1,11,N5,6.447037510346258e-05,6.940975662021295e-05,5.36545951541539e-06,7.739651993902252e-08,-5.288062995476368e-06,60.0000013986203,-0.0003172837871245743,4.08214202651581e-05,-0.07929879554186094,-0.06614446104109037,-71.7471745474773
I1,12,N5,6.940975662021295e-05,7.431005656727757e-05,5.32371770986803e-06,7.740704029206438e-08,-5.246310669575966e-06,60.003099655219174,-0.0003147949019288063,4.0508435626200706e-05,-0.07924458531885867,-0.06641110036247064,-71.74757371200441
I1,13,N5,7.431005656727757e-05,7.929785143806468e-05,5.417164454618918e-06,7.738011097707909e-08,-5.339784343641839e-06,60.00005300010963,-0.000320387343627666,4.120908424196998e-05,-0.07938215246830824,-0.06631000128090468,-71.75207262183314
I1,14,N5,7.929785143806468e-05,8.126842519866453e-05,2.196071880490907e-06,7.951275028909274e-08,-2.116559130201814e-06,60.58685845664188,-0.00012823566843665036,1.706688473085e-05,-0.07206871257194193,-0.06576650630303726,-71.76086661391494
I1,15,N5,8.126842519866453e-05,8.649460033435837e-05,5.671763000234338e-06,7.730895044387659e-08,-5.594454049790461e-06,60.00002478050569,-0.0003356673816208281,4.31180396300866e-05,-0.0799427318404355,-0.06533093736186811,-71.77155054860856
I1,16,N5,8.649460033435837e-05,9.193168058389771e-05,5.897025405942815e-06,7.725325647604595e-08,-5.819772149466769e-06,60.000010428982996,-0.0003491863896623109,4.480708996814146e-05,-0.08044513527360887,-0.06387318602157653,-71.78715507078935
I1,17,N5,9.193168058389771e-05,9.768661480158135e-05,6.236523414049883e-06,7.717478920355769e-08,-6.1593486248463255e-06,60.0000006547588,-0.0003695609215236672,4.735273652440081e-05,-0.08129148866694232,-0.06225983602928846,-71.80843586300084
I1,18,N5,9.768661480158135e-05,9.782287127276108e-05,2.7484870549705796e-07,1.1325779446692644e-07,-1.6159091103013153e-07,67.15000054942975,-1.0850829764456185e-05,2.910798749729883e-06,-0.06281980225709428,-0.062326654933296505,-71.83665030287163
I1,19,N5,9.782287127276108e-05,9.79603970369594e-05,2.7593304365271325e-07,1.1301972052234022e-07,-1.6291332313037304e-07,67.15000117020281,-1.093962983884618e-05,2.917145731312901e-06,-0.06249146845564079,-0.06376790766953923,-71.865215404688
I1,20,N5,9.79603970369594e-05,5.8791726171559665e-05,7.195786214186194e-08,3.672491792520519e-05,3.6652960063063324e-05,85.62282365906667,0.003138329936062484,0.0002759765684051029,-0.06799324056856866,-1.3705732572788125,-71.89415148215535
I1,21,N5,5.8791726171559665e-05,5.78579224668804e-05,8.450303349771398e-08,9.480730372149988e-07,8.635700037172848e-07,82.18311361155102,7.097087172702515e-05,7.744320530345346e-06,-0.06532431905804194,-0.05687115349106977,-71.88392722686673
I1,22,N5,5.78579224668804e-05,5.799565532676166e-05,2.7607991229195047e-07,1.1295454999046883e-07,-1.6312536230148165e-07,67.15000075692436,-1.0953868202018052e-05,2.9177584671181446e-06,-0.06794493799944437,-0.06235836229149942,-71.8729174002971
I1,23,N5,5.799565532676166e-05,5.813295290338883e-05,2.7570548873969467e-07,1.1303394413985955e-07,-1.6267154459983512e-07,67.1500007031192,-1.0923394334256416e-05,2.915545746596657e-06,-0.0679412411345255,-0.06232155201135989,-71.86216724584487
I1,24,N5,5.813295290338883e-05,5.826981849666736e-05,2.7533376717897597e-07,1.1311261678173188e-07,-1.6222115039724407e-07,67.15000068084792,-1.0893150359622873e-05,2.913347879705309e-06,-0.0680148998875325,-0.06226082950545456,-71.85167705269609
I1,1,N7,1.4056342282125889,1.4056343977312042,3.064432400120996e-07,1.098042726942607e-07,-1.966389673178389e-07,67.15000063944225,-1.3204306781132147e-05,3.121856345297702e-06,-1.0026081530615738e-06,-1.0026080579413802e-06,-72.4534705986009
I1,2,N7,1.4056343977312042,1.4056345672339237,3.064274660077002e-07,1.0980533198676161e-07,-1.9662213402093858e-07,67.15000055137725,-1.3203176407918997e-05,3.1217459849584636e-06,-1.0026081530539636e-06,-1.0026080579418738e-06,-72.45346985278842
I1,3,N7,1.4056345672339237,1.4056347367221291,3.0641327485688867e-07,1.098064840545574e-07,-1.9660679080233127e-07,67.1500006042669,-1.3202146121179523e-05,3.1216481918358457e-06,-1.0026081530471128e-06,-1.0026080579424142e-06,-72.45346910697616
I1,4,N7,1.4056347367221291,1.4056349061966529,3.0639997033606634e-07,1.0980763412624948e-07,-1.9659233620981688e-07,67.15000049617707,-1.3201175474033813e-05,3.1215570334673684e-06,-1.0026081530406952e-06,-1.002608057942954e-06,-72.45346836116413
I1,5,N7,1.4056349061966529,1.405635075661073,3.0639011530230857e-07,1.0980845721234902e-07,-1.9658165808995957e-07,67.14999564474508,-1.320045748457755e-05,3.1214892938599317e-06,-1.0026081530359654e-06,-1.002608057943327e-06,-72.45346761535231
I1,6,N7,1.405635075661073,1.4056352451155996,3.0638062795472606e-07,1.0980940566775616e-07,-1.965712222869699e-07,67.15000065004189,-1.3199757704349557e-05,3.1214252521686167e-06,-1.0026081530313722e-06,-1.0026080579437718e-06,-72.45346686954073
I1,7,N7,1.4056352451155996,1.4056354145602536,3.0637106532845117e-07,1.0981026860058111e-07,-1.9656079672787006e-07,67.15000069396443,-1.3199057636682675e-05,3.1213600044677422e-06,-1.0026081530267643e-06,-1.0026080579441705e-06,-72.45346612372938
I1,8,N7,1.4056354145602536,1.4056355839952746,3.063617657127801e-07,1.0981113799335812e-07,-1.96550627719422e-07,67.15000070709944,-1.3198374790340025e-05,3.1212967777960366e-06,-1.0026081530222767e-06,-1.0026080579445743e-06,-72.45346537791826
I1,9,N7,1.4056355839952746,1.405635753420135,3.063519926401584e-07,1.0981208606678991e-07,-1.9653990657336848e-07,67.14999957989862,-1.3197654643835007e-05,3.1212305903021126e-06,-1.002608153017562e-06,-1.002608057945018e-06,-72.45346463210736
I1,10,N7,1.405635753420135,1.6947612790443822,0.30889487833244367,7.534324502889137e-08,-0.30889480298919864,60.00000069024369,-18.533688392564606,2.316712152567665,-1.1813462993470952e-06,-1.0026080412713783e-06,-72.45346388629669
I1,11,N7,1.6947612790443822,1.6947730467312236,1.2658248352062644e-05,7.528586454756285e-08,-1.2582962487515082e-05,60.000002892924115,-0.0007549777856524605,9.550150662457655e-05,-1.0026141280406537e-06,-1.0026080412435584e-06,-72.45346348618963
I1,12,N7,1.6947730467312236,1.694784153230171,1.195182908233804e-05,7.526663700899588e-08,-1.1876562445329044e-05,60.0089696456607,-0.0007127002752765444,9.020321789510278e-05,-1.0026137863206038e-06,-1.0026080412324618e-06,-72.45346308609528
I1,13,N7,1.694784153230171,1.6947949022504287,1.1569919160814791e-05,7.527693588412548e-08,-1.1494642224930666e-05,60.000152290330675,-0.0006896802840187054,8.733897072524187e-05,-1.002613601578774e-06,-1.002608041237405e-06,-72.45346268601291
I1,14,N7,1.6947949022504287,1.6947959579663496,1.2209132552214745e-06,8.148711731837516e-08,-1.1394261379030994e-06,61.69843634305182,-7.030081103702376e-05,9.768002794048872e-06,-1.0026085953717684e-06,-1.0026080442753157e-06,-72.45346228594215
I1,15,N7,1.6947959579663496,1.6948067378371536,1.1602750382476164e-05,7.516412660923271e-08,-1.1527586255866932e-05,60.00007065582567,-0.0006916559898431407,8.758435881814046e-05,-1.0026136174607587e-06,-1.0026080411828204e-06,-72.45346188587253
I1,16,N7,1.6948067378371536,1.6948180939598212,1.221853878629591e-05,7.528213949460754e-08,-1.2143256646801303e-05,60.000029072352106,-0.0007285957518411111,9.220365694342888e-05,-1.002613915337252e-06,-1.0026080412416972e-06,-72.45346148581453
I1,17,N7,1.6948180939598212,3.6420954654738726,2.0804246281356678,7.527399400506509e-08,-2.0804245528616736,60.000000653092805,-124.82547453041072,15.603185275572464,-0.0026539587916545857,-1.002608041237815e-06,-72.45346108576881
I1,18,N7,3.6420954654738726,3.6420956347695372,3.062319644152809e-07,1.0982785716270671e-07,-1.9640410725257422e-07,67.15000052735475,-1.3188535905584998e-05,3.1204486618349073e-06,-1.0026081529594978e-06,-1.0026080579526423e-06,-72.453464396242
I1,19,N7,3.6420956347695372,3.6420958041509266,3.0631194192579245e-07,1.0981768635413579e-07,-1.9649425557165667e-07,67.15000097313956,-1.3194589452853077e-05,3.120972212099462e-06,-1.0026081529981257e-06,-1.002608057947791e-06,-72.45346770671641
I1,20,N7,3.6420958041509266,3.6420955486611777,1.0609160048876338e-07,3.32084831791474e-07,2.2599323130271062e-07,78.698898818324,1.7785418443918113e-05,3.2863232421017803e-06,-1.0026080561453823e-06,-1.0026081654652123e-06,-72.45347101719206
I1,21,N7,3.6420955486611777,1.4056337202979172,6.388995291066828e-08,2.093328327321744,2.093328263431791,89.15813103604349,186.63723561250498,15.699962934087727,-1.0026080357311184e-06,-4.266115087379348,-72.45347432766583
I1,22,N7,1.4056337202979172,1.4056338896105216,3.0624549780365835e-07,1.0982385796033549e-07,-1.9642163984332286e-07,67.15000075174743,-1.3189713263138592e-05,3.1205201682299537e-06,-1.0026081529658586e-06,-1.0026080579509216e-06,-72.45347358185244
I1,23,N7,1.4056338896105216,1.4056340589178604,3.0624176647108444e-07,1.0982551761361269e-07,-1.9641624885747173e-07,67.15000070034486,-1.3189351248338338e-05,3.1205046306352286e-06,-1.0026081529640633e-06,-1.0026080579517119e-06,-72.45347283603928
I1,24,N7,1.4056340589178604,1.4056342282125889,3.062298273011766e-07,1.098268608275255e-07,-1.964029664736511e-07,67.15000067924299,-1.318845933211101e-05,3.120425160965266e-06,-1.0026081529583063e-06,-1.0026080579523404e-06,-72.45347209022634
I1,1,N8,0.004945891298719939,0.004946039606200591,2.863547805913095e-07,1.1205847596733003e-07,-1.7429630462397948e-07,67.15000063310056,-1.170399696584731e-05,2.9880994241897966e-06,-0.00025779432643239494,-0.0002577885746340839,-72.08761908362385
I1,2,N8,0.004946039606200591,0.004946187888355792,2.8633217628344105e-07,1.1206237704498352e-07,-1.7426979923845753e-07,67.15000054649708,-1.170221711410036e-05,2.987959149963184e-06,-0.00025779450266156606,-0.0002577883732972941,-72.08737330807351
I1,3,N8,0.004946187888355792,0.004946336148742129,2.863129427126747e-07,1.1206590224771123e-07,-1.7424704046496346e-07,67.15000060091955,-1.170068887193075e-05,2.9878413372028944e-06,-0.00025779469310301725,-0.0002577881563078458,-72.08712754753287
I1,4,N8,0.004946336148742129,0.004946484389396126,2.8629562422539433e-07,1.1206919906002351e-07,-1.7422642516537082e-07,67.15000049313775,-1.1699304535772279e-05,2.987736174640634e-06,-0.0002577949030658534,-0.0002577879174239329,-72.08688180200245
I1,5,N8,0.004946484389396126,0.004946632612494925,2.862803144724546e-07,1.1207221791245603e-07,-1.7420809655999857e-07,67.1499956404603,-1.1698072924536791e-05,2.98764399288683e-06,-0.000257795139929638,-0.000257787648579871,-72.08663607148293
I1,6,N8,0.004946632612494925,0.004946780818432273,2.862654144016533e-07,1.1207522713841514e-07,-1.7419018726323816e-07,67.15000064283244,-1.1696871186701546e-05,2.987554811550513e-06,-0.000257795410089681,-0.00025778734295175097,-72.08639035597523
I1,7,N8,0.004946780818432273,0.00494692900805218,2.862513162446282e-07,1.1207814892428072e-07,-1.741731673203475e-07,67.15000067843913,-1.1695728303727226e-05,2.9874709887668172e-06,-0.0002577957167126601,-0.0002577869974673056,-72.0861446554803
I1,8,N8,0.00494692900805218,0.0049470771818478755,2.86237722906181e-07,1.12081051316106e-07,-1.7415667159007498e-07,67.15000067496932,-1.1694620614823945e-05,2.9873908066671527e-06,-0.0002577960577759702,-0.00025778661497198255,-72.08589896999916
I1,9,N8,0.0049470771818478755,0.004947225340151037,2.862245000634099e-07,1.1208396784784299e-07,-1.741405322155669e-07,67.14999953303041,-1.1693536656956983e-05,2.9873135093343967e-06,-0.00025779642142176155,-0.0002577862086122988,-72.08565329953294
I1,10,N8,0.004947225340151037,0.0050106641239032945,6.78637727700876e-05,7.64782766699698e-08,-6.778729449341763e-05,60.000000646340276,-0.004067237713418716,0.0005095518828506817,-0.00025993598588438084,-0.0002577835066809796,-72.08540764408274
I1,11,N8,0.0050106641239032945,0.005027908553856799,1.8510799039204195e-05,7.645055857002292e-08,-1.843434848063417e-05,59.99999716656657,-0.001106060856605551,0.00013940437198330663,-0.00025837193747638306,-0.000257783701800282,-72.08516841315038
I1,12,N8,0.005027908553856799,0.010684555212712074,0.006043513163509526,7.643580950673988e-08,-0.006043436727700019,59.98677293204533,-0.3625262667137241,0.045326921994892744,-0.001248695828698487,-0.00025778285162528854,-72.08493090741794
I1,13,N8,0.010684555212712074,0.01070955700090298,2.6798578490787137e-05,7.645367477652493e-08,-2.672212481601061e-05,59.9997766963388,-0.00160332152181233,0.00020156274124172747,-0.00025901377975271107,-0.0002577843355996251,-72.08509263074761
I1,14,N8,0.01070955700090298,0.011556513260229852,0.0009049459966006455,6.850910788621242e-08,-0.0009048774874927593,57.495152855370556,-0.052026069458779856,0.006787608792813989,-0.0002905843921226914,-0.00025778485642176515,-72.08525635719684
I1,15,N8,0.011556513260229852,0.012108846237742357,0.0005901865894221466,7.644329468052797e-08,-0.0005901101461274662,59.99989705520663,-0.035406548018880914,0.004426972745376204,-0.00027931396652014094,-0.00025778635272467464,-72.08549802088707
I1,16,N8,0.012108846237742357,0.013718594953723684,0.0017199042943070284,7.647446668863244e-08,-0.0017198278198403397,59.99995848987272,-0.10318959780014868,0.012899855765802878,-0.1996909089359994,-0.00025776545718113266,-72.08580063835906
I1,17,N8,0.013718594953723684,0.01378244289909981,6.830090547860202e-05,7.647321412777767e-08,-6.822443226447424e-05,60.000000601641226,-0.004093465976915085,0.0005128303401954734,-0.00025994600672422073,-0.0002577875405788366,-72.08639568511124
I1,18,N8,0.01378244289909981,0.013782591104298206,2.862624998019582e-07,1.1207336532588601e-07,-1.7418913447607215e-07,67.1500004854437,-1.1696800464627263e-05,2.9875189884588314e-06,-0.0002577932315177587,-0.00025778982487230384,-72.08700875002164
I1,19,N8,0.013782591104298206,0.013782739346125079,2.8629430590738617e-07,1.1206694627676973e-07,-1.7422735963061645e-07,67.15000083278461,-1.1699367344289758e-05,2.987709391381169e-06,-0.0002577933498337387,-0.00025778969195480164,-72.08762185724224
I1,20,N8,0.013782739346125079,0.01378263730562198,1.258478737816189e-07,2.0576472972820665e-07,7.991685594658776e-08,75.6024851839319,6.041912917648321e-06,2.4870945263236917e-06,-0.0002577885088517742,-0.0002577925872450537,-72.08823500676273
I1,21,N8,0.01378263730562198,0.0049454466486520705,5.568259949313891e-08,0.008271659238226522,0.00827160355562703,92.27739346449792,0.7632820158849354,0.06203786190619512,-0.0002577863194835517,-7.833823966754221,-72.08884812631923
I1,22,N8,0.0049454466486520705,0.004945594885029145,2.8628564409008183e-07,1.1206445870277294e-07,-1.7422118538730888e-07,67.15000073456545,-1.1698952726734655e-05,2.9876257709464108e-06,-0.0002577936655623948,-0.00025778932913260005,-72.08860229079856
I1,23,N8,0.004945594885029145,0.004945743103121167,2.8627003910133687e-07,1.120679020445316e-07,-1.7420213705680527e-07,67.15000068981672,-1.1697673623532021e-05,2.987534558594013e-06,-0.0002577938246235634,-0.00025778914681292897,-72.0883564702686
I1,24,N8,0.004945743103121167,0.004945891298719939,2.862505046267659e-07,1.120718416499376e-07,-1.7417866297682828e-07,67.15000067186075,-1.1696097335917827e-05,2.987417597075276e-06,-0.000257793990098653,-0.00025778895728315146,-72.08811066473018
I3,1,N2,3.872639582889492e-05,3.887559223718436e-05,2.859270831415052e-07,1.1085173567302493e-07,-1.7507534746848028e-07,67.15000063944225,-1.1756309694459026e-05,2.975841141108976e-06,-0.07451201946587052,-0.07342307745337036,-72.17118831730988
I3,2,N2,3.887559223718436e-05,3.9023568589377054e-05,2.84857254357505e-07,1.1105643546122962e-07,-1.7380081889627535e-07,67.15000055137725,-1.1670725084714706e-05,2.96935267364051e-06,-0.07448332825903686,-0.07346185228621005,-72.14357215964047
I3,3,N2,3.9023568589377054e-05,3.9170343018835395e-05,2.8380538853021213e-07,1.1125989969675504e-07,-1.7254548883345708e-07,67.1500006042669,-1.1586429679430173e-05,2.9629896617022538e-06,-0.07444340116078267,-0.07350424576896487,-72.11627217336112
I3,4,N2,3.9170343018835395e-05,3.9315932862111904e-05,2.8277066786152263e-07,1.114621577239911e-07,-1.7130851013753153e-07,67.15000049617707,-1.1503366540734598e-05,2.956746191891353e-06,-0.07440158213920067,-0.07354765354761464,-72.08928239357441
I3,5,N2,3.9315932862111904e-05,3.946035517945186e-05,2.81752780975334e-07,1.116631953711625e-07,-1.700895856041715e-07,67.14999564474508,-1.142151493253661e-05,2.950619822598724e-06,-0.07435970455782805,-0.07359121559018157,-72.06259773671638
I3,6,N2,3.946035517945186e-05,3.960362609266258e-05,2.8075083511441486e-07,1.1186310887517475e-07,-1.688877262392401e-07,67.15000065004189,-1.1340810926749068e-05,2.944604579921922e-06,-0.07431763723334925,-0.07363504469403165,-72.03621387760818
I3,7,N2,3.960362609266258e-05,3.9745761783995496e-05,2.7976482087104816e-07,1.1206183341822549e-07,-1.6770298745282268e-07,67.15000069396443,-1.1261255723836952e-05,2.9386999071695524e-06,-0.07427855946522262,-0.07367736065632019,-72.01012715053415
I3,8,N2,3.9745761783995496e-05,3.9886778139458695e-05,2.7879443531560947e-07,1.1225938088870858e-07,-1.6653505442690089e-07,67.15000070709944,-1.1182829022523238e-05,2.9329036215323854e-06,-0.07423691114691593,-0.0737215818071179,-71.98433446032001
I3,9,N2,3.9886778139458695e-05,4.002669064015565e-05,2.778392572288688e-07,1.1245576124882921e-07,-1.6538349598003958e-07,67.14999957989862,-1.1105501685581823e-05,2.927212638582735e-06,-0.07419495156293948,-0.07376686347528669,-71.95883315002972
I3,10,N2,4.002669064015565e-05,4.746191828827236e-05,8.031234392564358e-06,7.675924775082795e-08,-7.95447514481353e-06,60.000000690253216,-0.0004772685141794138,6.08099523023639e-05,-0.09869799836620646,-0.07349912134613243,-71.93362072331661
I3,11,N2,4.746191828827236e-05,5.4563468115545485e-05,7.674804532205638e-06,7.681491311958557e-08,-7.597989619086052e-06,60.000002892924115,-0.00045587939912557056,5.8137145839939174e-05,-0.09727707067981935,-0.07353118135634022,-71.91928739946846
I3,12,N2,5.4563468115545485e-05,6.12634122105889e-05,7.245797846990618e-06,7.686683759645702e-08,-7.168931009394161e-06,60.0089696456607,-0.00043020016333456993,5.491998513440306e-05,-0.099498881931331,-0.07381956239759509,-71.9139647108396
I3,13,N2,6.12634122105889e-05,6.820018108708561e-05,7.498768471111755e-06,7.68253940662113e-08,-7.421943077045544e-06,60.000152290330675,-0.00044531771491289807,5.6816953988834746e-05,-0.10090088002615416,-0.07384292410913817,-71.91672141279501
I3,14,N2,6.820018108708561e-05,6.912157464273454e-05,1.079438023387179e-06,8.326696645001394e-08,-9.96171056937165e-07,61.69843634305182,-6.146219654322832e-05,8.720287423778947e-06,-0.07718352375530188,-0.07384226492279698,-71.92807871059291
I3,15,N2,6.912157464273454e-05,7.65838784624134e-05,8.060133864512224e-06,7.673466294427967e-08,-7.983399201567944e-06,60.00007065582567,-0.0004790045161677388,6.102651395592378e-05,-0.10356180655040804,-0.07384521811391348,-71.94071271253749
I3,16,N2,7.65838784624134e-05,8.722210865108884e-05,1.1453182026988284e-05,7.670350451611526e-08,-1.1376478522472168e-05,60.000029072352106,-0.0006825890420893195,8.647414148628299e-05,-0.04784945849209544,-0.05775219268325822,-71.96398443702908
I3,17,N2,8.722210865108884e-05,9.674773858245473e-05,1.0264252470727698e-05,7.64809168361864e-08,-1.0187771553891512e-05,60.00000065314952,-0.0006112662998876288,7.755550040672913e-05,-0.10983038092948676,-0.07354662553967656,-72.00764018758976
I3,18,N2,9.674773858245473e-05,9.68929808251339e-05,2.824675179897091e-07,1.1152192349300458e-07,-1.709455944967045e-07,67.15000052735475,-1.1478996760602678e-05,2.9549208111203524e-06,-0.07422712940189818,-0.07373001952050574,-72.08299229618848
I3,19,N2,9.68929808251339e-05,9.704159850108648e-05,2.8541944142347037e-07,1.1094868626173515e-07,-1.744707551617352e-07,67.15000097313956,-1.1715711378894912e-05,2.9727609576390413e-06,-0.0743677863993914,-0.07357776438394029,-72.15933877480941
I3,20,N2,9.704159850108648e-05,9.677564814509456e-05,1.0365409382628976e-07,3.3974047019327006e-07,2.3608637636698028e-07,78.698898818324,1.8579737846089738e-05,3.3254592301466988e-06,-0.07406892785368815,-0.07391314260478685,-72.23669779167241
I3,21,N2,9.677564814509456e-05,3.826754739379711e-05,6.299826500679925e-08,5.4818774831193804e-05,5.4755776566187006e-05,89.15813103598545,0.004881922702065242,0.00041161329822150453,-0.0742015992325418,-4.439294516757607,-72.31304288410949
I3,22,N2,3.826754739379711e-05,3.842177431070144e-05,2.90359377537221e-07,1.1002629500040227e-07,-1.803330825368187e-07,67.15000075174743,-1.2109366627912307e-05,3.0028925440321747e-06,-0.07460934563962848,-0.07328623727817997,-72.28403885553266
I3,23,N2,3.842177431070144e-05,3.857471699469537e-05,2.8922454728037926e-07,1.1023411675582978e-07,-1.7899043052454947e-07,67.15000070034486,-1.2019207535078525e-05,2.995939980271568e-06,-0.07461101164427308,-0.07330913989846974,-72.25539123215397
I3,24,N2,3.857471699469537e-05,3.872639582889492e-05,2.881099848658964e-07,1.1044061649029789e-07,-1.7766936837559854e-07,67.15000067924299,-1.1930498207102115e-05,2.9891295101714577e-06,-0.07458536158274293,-0.07334247269801518,-72.22709062410712
I3,1,N7,3.888736938060857e-05,3.903544200713695e-05,2.8492436798783206e-07,1.1102512066610532e-07,-1.7389924732172673e-07,67.15000063944225,-1.1677334568852478e-05,2.9696211649045304e-06,-0.07589247929778588,-0.0745221269863464,-72.12358926360027
I3,2,N7,3.903544200713695e-05,3.9182344907489165e-05,2.839004279159759e-07,1.1122291456580063e-07,-1.7267751335017524e-07,67.15000055137725,-1.159529511667472e-05,2.963425068613324e-06,-0.0758789749314818,-0.07454133476519721,-72.09728381500595
I3,3,N7,3.9182344907489165e-05,3.932809637720171e-05,2.828944240511122e-07,1.114192976825392e-07,-1.7147512636857302e-07,67.1500006042669,-1.1514554839266423e-05,2.9573529130023857e-06,-0.07583796123078794,-0.07458174947281555,-72.07144646174137
I3,4,N7,3.932809637720171e-05,3.947271348880594e-05,2.819051627137038e-07,1.1161436897126941e-07,-1.702907937424344e-07,67.15000049617707,-1.1435026884298857e-05,2.9513964876372994e-06,-0.0757883993560481,-0.0746307236371608,-72.04606871789008
I3,5,N7,3.947271348880594e-05,3.9616212883199575e-05,2.809321975978121e-07,1.1180814143420902e-07,-1.6912405616360305e-07,67.14999564474508,-1.1356679634807567e-05,2.9455525427401584e-06,-0.07573582616776464,-0.07468352686472607,-72.02114399838986
I3,6,N7,3.9616212883199575e-05,3.975861020973691e-05,2.799745937638229e-07,1.1200072405916585e-07,-1.6797386970465703e-07,67.15000065004189,-1.127944545985777e-05,2.9398148836724155e-06,-0.07568159483277415,-0.07473857901381702,-71.99666705668203
I3,7,N7,3.975861020973691e-05,3.989992096093193e-05,2.790321487122904e-07,1.1219208623970209e-07,-1.6684006247258829e-07,67.15000069396443,-1.1203310310815373e-05,2.9341817621399437e-06,-0.07563401128971396,-0.07478946026193548,-71.97263335930748
I3,8,N7,3.989992096093193e-05,4.004016051612881e-05,2.781047350058161e-07,1.1238222225537589e-07,-1.657225127504402e-07,67.15000070709944,-1.1128266848374355e-05,2.92865217945894e-06,-0.07558308448543108,-0.07484263970054135,-71.94903819892338
I3,9,N7,4.004016051612881e-05,4.017934361190857e-05,2.771917222786631e-07,1.1257118147159423e-07,-1.6462054080706888e-07,67.14999957989862,-1.1054269246037359e-05,2.92322177812693e-06,-0.07553594030940815,-0.07489288356042714,-71.92587512888002
I3,10,N7,4.017934361190857e-05,4.720774765692901e-05,7.596655101734218e-06,7.681296186980922e-08,-7.519842139864408e-06,60.00000069024369,-0.00045119053358238804,5.7551010477030205e-05,-0.09798189474528993,-0.0747151242796388,-71.90313291500493
I3,11,N7,4.720774765692901e-05,5.394653453775814e-05,7.287296122412228e-06,7.686646320479521e-08,-7.210429659207433e-06,60.000002892924115,-0.00043262580041167185,5.523121939212767e-05,-0.09691278464595335,-0.0747403918080211,-71.89029976925084
I3,12,N7,5.394653453775814e-05,6.0344964381431276e-05,6.92372474117399e-06,7.6917217165514e-08,-6.846807524008476e-06,60.0089696456607,-0.00041086986487790596,5.2504814687546277e-05,-0.09855017276553019,-0.07495649208027287,-71.88595772292817
I3,13,N7,6.0344964381431276e-05,6.696918708390844e-05,7.164907796417356e-06,7.687461129143862e-08,-7.088033185125917e-06,60.000152290330675,-0.0004252830705464726,5.431336805781596e-05,-0.09975003616056653,-0.07495926011838853,-71.88941168479303
I3,14,N7,6.696918708390844e-05,6.788323633006129e-05,1.0716553533606812e-06,8.332287405881231e-08,-9.883324793018689e-07,61.69843634305182,-6.0978568559976936e-05,8.662336705646201e-06,-0.07830528193271254,-0.07491520227557613,-71.90120244678879
I3,15,N7,6.788323633006129e-05,7.500091039220564e-05,7.691994033909504e-06,7.678228296487244e-08,-7.6152117509446315e-06,60.00007065582567,-0.0004569132431157518,5.826582237655783e-05,-0.10215775054720434,-0.07483083451538426,-71.91442205683444
I3,16,N7,7.500091039220564e-05,8.491775656324616e-05,1.0682468172285628e-05,7.669961977281723e-08,-1.060576855251281e-05,60.000029072352106,-0.0006363464214854063,8.069375844043834e-05,-0.04806741082261928,-0.07309633639530254,-71.93791214005269
I3,17,N7,8.491775656324616e-05,9.387279979174383e-05,9.654708016834085e-06,7.653061284246373e-08,-9.578177403991622e-06,60.000000653092805,-0.000574690650494936,7.29842897225741e-05,-0.10723238273904175,-0.07473676117349558,-71.97972551567905
I3,18,N7,9.387279979174383e-05,9.401721962428926e-05,2.8173361521996525e-07,1.1164873009722998e-07,-1.7008488512273527e-07,67.15000052735475,-1.1421200125686745e-05,2.950367589878964e-06,-0.07552749892254487,-0.07487866215421247,-72.04845266759806
I3,19,N7,9.401721962428926e-05,9.416483309868303e-05,2.845224651052158e-07,1.1110278155625399e-07,-1.734196835489618e-07,67.15000097313956,-1.1645131919074339e-05,2.9671893499610236e-06,-0.07567917997820656,-0.07472843771849261,-72.11850789343343
I3,20,N7,9.416483309868303e-05,9.389709678966706e-05,1.0349919037369427e-07,3.4127641192858623e-07,2.3777722155489195e-07,78.698898818324,1.871280550045065e-05,3.335817017267104e-06,-0.07532632074153478,-0.07503945872308002,-72.1899441198514
I3,21,N7,9.389709678966706e-05,3.8432341093614624e-05,6.29262701195639e-08,5.1970140785051754e-05,5.190721451493219e-05,89.15813103604349,0.004627950233438342,0.0003902480029137849,-0.0750730353435623,-4.497130646296823,-72.26091919613752
I3,22,N7,3.8432341093614624e-05,3.858524698392001e-05,2.8917518844502604e-07,1.1022531257009172e-07,-1.7894987587493434e-07,67.15000075174743,-1.201648429952695e-05,2.995503757613383e-06,-0.07571347522843007,-0.0746799054572204,-72.2324905175745
I3,23,N7,3.858524698392001e-05,3.8736915414082633e-05,2.880836998416276e-07,1.1042732646423466e-07,-1.7765637337739292e-07,67.15000070034486,-1.1929625596712663e-05,2.988832697293967e-06,-0.07585864237394259,-0.07455210430923237,-72.20460259351034
I3,24,N7,3.8736915414082633e-05,3.888736938060857e-05,2.8701466435319093e-07,1.1062748671289744e-07,-1.763871776402935e-07,67.15000067924299,-1.1844399098355462e-05,2.982316132995663e-06,-0.07590643380646783,-0.07450566884860273,-72.17723634029056
I3,1,N8,160.50011433752562,160.38696570933791,9.890029327545982e-08,0.10590720262981032,0.10590710372951705,67.15000063310056,7.111662082486917,0.794304761475777,-2.6490686438094868e-08,-2.6558608372314378e-08,-68.83901946296425
I3,2,N8,160.38696570933791,137.98282133797065,9.39621261787556e-08,20.970279213919603,20.97027911995748,67.15000054649708,1408.154254365341,157.27709480911295,-2.649068643499281e-08,-6.015176394559621e-08,-68.8390194937111
I3,3,N8,137.98282133797065,137.8715497869496,9.390490181366601e-08,0.10415025402540543,0.10415016012050361,67.15000060091955,6.993683314677686,0.7811276094773043,-2.6490686434956866e-08,-2.655707699769e-08,-68.83901950435177
I3,4,N8,137.8715497869496,126.64119100814726,1.0250516298492506e-07,10.511615906763364,10.5116158042582,67.15000049313775,705.8550064396128,78.83712006951396,-2.649068644035938e-08,-3.363168071029055e-08,-68.83901951493817
I3,5,N8,126.64119100814726,106.29341448568981,9.390635626452118e-08,19.045518907291154,19.0455188133848,67.1499956404603,1278.906505289094,142.8413925089813,-2.649068643495777e-08,-5.827468938604322e-08,-68.83901952093467
I3,6,N8,106.29341448568981,106.29003473345982,9.33247385631886e-08,0.0031635298486992606,0.0031634365239606973,67.15000064283244,0.21242476461752044,0.02372717380078368,-2.649068643459241e-08,-2.6492674068634213e-08,-68.83901951504653
I3,7,N8,106.29003473345982,58.22492208479888,9.600343073501248e-08,44.98894552325486,44.98894542725143,67.15000067843913,3021.007715962194,337.4170921444372,-2.649068643627512e-08,-2.9828173784608776e-08,-68.83901950915696
I3,8,N8,58.22492208479888,19.828961472363048,9.551456863145602e-08,35.93861921691987,35.9386191214053,67.15000067496932,2413.2782982598314,269.53964484325826,-2.649068643596803e-08,-6.860534468086547e-08,-68.83901950098941
I3,9,N8,19.828961472363048,8.216401338785417e-07,9.439827647059642e-08,18.5599072517786,18.559907157380323,67.14999953303041,1246.2977569511766,139.19930509632658,-2.6490686435266787e-08,-1.7421558565530263e-07,-68.839019472045
I3,10,N8,8.216401338785417e-07,7.519902323830766e-07,1.494126600188211e-07,1.9609214159160446e-07,4.667948157278336e-08,60.000000646340276,2.8007689245378306e-06,2.591286012078192e-06,-2.6490686469850176e-08,-2.6490686499104246e-08,-66.29328192933714
I3,11,N8,7.519902323830766e-07,1.0477894838345456e-06,4.1785151982812453e-07,8.920994575676548e-08,-3.2864157407135903e-07,59.99999716656657,-1.971849351309752e-05,3.802960991886675e-06,-2.6490686638580857e-08,-2.6490686431996562e-08,-63.510790548257305
I3,12,N8,1.0477894838345456e-06,54.37145408054294,58.08915933648314,9.939830181528654e-08,-58.08915923708484,59.98677293204533,-3484.581204968432,435.6686957691108,-1.298322255083595,-2.6490686438407155e-08,-61.50443087076619
I3,13,N8,54.37145408054294,108.71056104840518,58.05460163144047,1.4897940710171388e-07,-58.05460148246106,59.9997766963388,-3483.263125142603,435.4095133531491,-6.0861711878621026e-05,-2.649068646955309e-08,-61.50443084584495
I3,14,N8,108.71056104840518,163.08226489496678,58.08942731551585,1.1303249727673893e-07,-58.08942720248335,57.495152855370556,-3339.8604962877007,435.6707057141126,-3.2679894370115554,-2.6490686446906913e-08,-61.50443084834117
I3,15,N8,163.08226489496678,205.08353059730317,44.87314728021107,1.4221697673316327e-07,-44.873147137994096,59.99989705520663,-2692.3842088227857,336.54860566821037,-1.5038717465047485e-07,-2.6490686465305067e-08,-61.504430885811374
I3,16,N8,205.08353059730317,205.08353108882608,6.282591292339847e-07,9.034983664704978e-08,-5.379092925869349e-07,59.99995848987272,-3.227453522653289e-05,5.389567244107758e-06,-2.6490686770837157e-08,-2.6490686432715514e-08,-63.15548724414207
I3,17,N8,205.08353108882608,205.0835311791358,2.1710897881888775e-07,1.0567840217946397e-07,-1.1143057663942378e-07,60.000000601641226,-6.685834665406656e-06,2.420905357487638e-06,-2.6490686512400787e-08,-2.6490686442336197e-08,-65.82742664315505
I3,18,N8,205.0835311791358,205.08219838159565,1.06335086869245e-07,0.0012475916573274838,0.0012474853222406146,67.1500004854437,0.08376863999404116,0.009357734943107647,-2.649068644276526e-08,-2.6491470241980915e-08,-68.83742996412575
I3,19,N8,205.08219838159565,148.1602263855257,1.135593827086738e-07,53.27896588781041,53.27896577425103,67.15000083278461,3577.6825961108593,399.5922450102734,-2.6490686447303473e-08,-1.1708813396557135e-06,-68.8390192674061
I3,20,N8,148.1602263855257,148.1600483879545,8.209544049894374e-08,0.00016667765011427318,0.00016659555467377424,75.6024851839319,0.012595037953932934,0.001250698091660791,-2.649068642753838e-08,-2.6490791084458937e-08,-68.83901928802473
I3,21,N8,148.1600483879545,160.50164477475008,13.185466266489676,3.6165894807393467e-08,-13.185466230323781,92.27739346449792,-1216.7204553484378,98.89099726991678,-3.7205643091710737e-08,-2.6490686398686333e-08,-68.83901930864324
I3,22,N8,160.50164477475008,160.5016345067984,1.095994917383593e-07,9.70682244844368e-06,9.59722295670532e-06,67.15000073456545,0.0006444535285925507,7.362316455136529e-05,-2.6490686444815903e-08,-2.6490692473624666e-08,-68.83901933950823
I3,23,N8,160.5016345067984,160.50083198664615,1.0680917737372043e-07,0.0007512524375832125,0.0007511456284058388,67.15000068981672,0.05043942946560489,0.005635194350704397,-2.6490686443063077e-08,-2.649115841582022e-08,-68.83901937037321
I3,24,N8,160.50083198664615,160.50011433752562,1.0888493532270735e-07,0.0006718149705032751,0.0006717060855679525,67.15000067186075,0.045105064097180965,0.005039428915789484,-2.649068644436703e-08,-2.6491108489743373e-08,-68.83901940123738
